0 2 12 20 -1
1 1 3 8 9 10 11 13 14 19 33 34 35 36 38 39 41 42 -1
2 1 3 4 5 7 8 13 17 18 19 22 24 25 30 31 40 43 -1
3 13 21 22 23 28 29 33 38 39 -1
4 11 13 14 27 33 -1
5 2 29 -1
6 15 16 -1
7 13 15 16 33 44 -1
8 9 18 26 -1
9 13 19 27 -1
10 30 33 -1
11 34 36 -1
12 8 13 19 37 38 50 58 64 67 68 69 70 -1
13 1 8 11 13 16 18 28 37 38 51 53 55 58 59 62 63 65 68 70 79 -1
14 8 13 16 18 22 30 36 38 51 52 57 60 61 64 71 72 80 -1
15 1 8 14 18 21 28 32 36 38 48 56 73 -1
16 13 16 33 38 55 77 -1
17 13 31 -1
18 9 33 75 76 -1
19 16 19 28 38 55 62 63 65 70 83 -1
20 33 76 -1
21 46 47 49 78 82 -1
22 15 70 77 81 -1
23 33 54 -1
24 33 75 -1
25 52 58 68 -1
26 16 38 -1
27 19 77 108 109 -1
28 6 16 28 29 30 51 52 56 79 86 103 -1
29 9 16 30 52 74 77 84 92 98 99 102 105 106 107 -1
30 12 16 28 29 58 94 96 97 102 103 -1
31 33 45 -1
32 2 15 52 77 92 98 101 102 104 -1
33 15 90 95 -1
34 22 28 30 41 45 79 102 -1
35 2 77 79 95 100 -1
36 90 95 -1
37 4 76 77 86 87 88 -1
38 45 81 102 -1
39 79 89 90 95 100 -1
40 49 77 91 93 -1
41 19 37 -1
42 1 6 8 11 13 19 28 33 34 35 36 38 41 42 51 53 55 -1
43 3 7 8 13 16 17 18 19 22 24 25 30 31 38 40 43 -1
44 1 8 13 14 21 23 28 29 32 33 36 38 39 48 56 -1
45 13 27 -1
46 28 29 -1
47 15 16 31 -1
48 13 15 33 44 -1
49 9 18 26 -1
50 13 19 27 -1
51 30 33 -1
52 34 36 47 -1
53 13 19 -1
54 15 45 -1
55 1 8 13 38 58 64 67 68 69 70 77 -1
56 1 8 14 16 18 28 37 38 52 56 58 59 62 63 65 68 70 79 -1
57 4 8 9 13 16 18 22 30 36 38 51 52 57 61 64 71 72 74 77 80 84 92 -1
58 1 13 18 21 28 36 73 -1
59 16 33 38 45 55 77 -1
60 13 15 -1
61 16 33 75 76 -1
62 16 19 22 28 38 41 45 62 63 65 70 79 83 -1
63 33 76 -1
64 4 76 78 82 86 87 88 -1
65 45 70 77 81 -1
66 33 66 -1
67 33 75 89 90 -1
68 52 58 68 -1
69 16 38 45 -1
70 77 91 93 -1
71 19 108 109 -1
72 9 16 28 30 51 56 81 86 103 110 111 112 -1
73 16 30 33 40 53 77 98 102 105 106 107 -1
74 12 16 28 29 58 94 96 97 102 103 108 113 114 -1
75 2 15 45 52 77 92 98 101 102 104 -1
76 9 15 33 71 90 95 102 -1
77 28 30 55 102 -1
78 2 45 77 79 95 100 -1
79 33 71 90 95 102 -1
80 46 77 -1
81 81 102 -1
82 79 100 -1
83 5 11 16 28 51 56 75 77 102 115 116 117 119 120 122 123 124 127 132 -1
84 9 13 75 77 102 118 121 125 -1
85 5 22 39 56 77 96 102 126 133 -1
86 11 14 128 -1
87 77 115 117 120 124 -1
88 12 129 131 -1
89 13 16 53 102 126 142 -1
90 10 19 28 29 37 77 83 96 102 120 122 126 131 136 137 140 146 152 -1
91 8 13 30 41 43 71 86 90 99 102 138 143 147 148 149 -1
92 16 21 24 36 96 102 126 131 136 141 144 150 -1
93 77 102 122 131 139 -1
94 16 43 45 77 102 120 134 -1
95 51 122 -1
96 102 131 -1
97 53 142 -1
98 77 151 -1
99 50 130 131 -1
100 77 105 116 145 -1
101 12 13 15 43 77 102 138 155 163 -1
102 1 8 12 16 19 39 42 51 53 56 59 102 122 127 137 157 158 159 162 164 166 169 170 171 175 -1
103 1 2 30 41 53 75 87 98 148 154 156 159 161 162 163 -1
104 5 8 16 87 102 170 -1
105 8 12 13 15 45 87 102 160 -1
106 156 173 -1
107 8 12 13 19 31 43 53 102 152 155 165 -1
108 142 166 -1
109 13 157 159 -1
110 95 156 -1
111 135 167 -1
112 25 102 156 -1
113 20 34 52 181 187 196 -1
114 1 6 16 30 32 53 56 96 102 131 135 137 157 170 171 184 192 193 194 197 198 203 204 205 -1
115 33 53 59 92 102 156 163 168 180 181 182 185 191 201 202 -1
116 33 96 102 122 131 134 157 171 172 -1
117 102 131 -1
118 2 206 -1
119 2 13 19 45 52 189 -1
120 31 89 95 137 156 176 188 197 199 -1
121 13 33 53 58 102 159 178 184 186 190 192 193 194 195 197 207 -1
122 13 45 187 -1
123 89 95 156 176 -1
124 178 186 198 -1
125 12 177 179 187 -1
126 16 20 43 102 138 218 219 221 223 -1
127 30 53 102 122 135 157 174 182 197 200 201 205 208 209 211 215 228 229 -1
128 15 53 102 105 137 156 157 181 186 205 210 212 215 220 225 226 227 230 231 -1
129 28 215 234 235 -1
130 43 102 160 218 233 -1
131 102 216 223 -1
132 56 102 122 135 137 174 178 192 205 217 230 231 -1
133 172 213 -1
134 156 216 -1
135 70 137 187 222 -1
136 135 197 -1
137 237 242 -1
138 13 34 122 127 137 153 174 175 182 208 229 240 244 250 251 255 256 257 259 -1
139 5 30 102 159 172 199 241 246 247 248 249 260 261 -1
140 21 96 102 241 -1
141 52 101 137 138 224 237 239 252 -1
142 33 156 -1
143 13 102 125 153 197 214 241 -1
144 245 253 254 -1
145 45 52 137 237 252 -1
146 33 156 -1
147 53 197 237 238 -1
148 235 243 -1
149 13 37 43 224 238 242 264 -1
150 30 53 70 96 122 171 184 192 224 229 238 266 268 270 274 275 286 -1
151 60 70 90 159 184 200 220 232 262 265 267 269 272 273 281 -1
152 28 41 224 247 258 276 277 278 279 280 282 -1
153 33 55 70 218 -1
154 30 36 55 70 90 102 184 218 224 238 251 264 281 283 -1
155 1 2 19 284 285 -1
156 90 281 -1
157 102 264 -1
158 8 13 43 70 126 222 224 237 242 291 304 -1
159 51 53 56 98 122 127 157 184 197 222 224 229 268 288 289 290 292 295 296 298 306 307 -1
160 53 102 159 165 168 197 224 262 272 297 303 -1
161 122 222 224 -1
162 153 278 299 -1
163 45 155 300 301 302 -1
164 90 156 -1
165 21 127 159 290 293 294 305 -1
166 90 287 -1
167 19 45 224 -1
168 171 172 -1
169 293 294 -1
170 2 327 -1
171 3 16 21 34 53 56 122 126 157 163 197 212 224 229 272 274 304 308 310 314 316 319 320 321 323 324 326 -1
172 70 71 159 237 242 267 272 286 304 305 311 312 313 -1
173 21 34 224 242 308 323 324 325 -1
174 318 328 -1
175 71 102 122 135 192 272 304 316 322 -1
176 247 309 -1
177 304 305 -1
178 13 19 20 37 38 50 58 -1
179 8 13 19 28 33 34 35 36 38 39 41 42 51 53 55 -1
180 3 13 16 19 22 24 25 30 31 38 40 43 52 61 -1
181 1 8 13 14 18 21 22 23 28 29 32 33 36 38 39 48 56 -1
182 11 13 27 33 38 55 -1
183 28 29 -1
184 15 16 31 -1
185 9 13 15 33 44 -1
186 9 26 57 -1
187 13 19 27 28 55 -1
188 30 33 -1
189 34 36 47 49 -1
190 13 19 -1
191 15 45 -1
192 8 12 13 64 67 68 69 70 -1
193 3 8 9 16 18 28 37 38 52 58 59 62 63 65 68 79 -1
194 1 4 13 16 18 30 36 38 57 60 64 71 72 74 80 -1
195 1 13 21 28 36 73 -1
196 16 33 38 77 -1
197 16 33 76 -1
198 16 19 28 38 62 63 65 70 83 -1
199 33 76 -1
200 46 78 82 -1
201 70 77 81 -1
202 33 66 -1
203 33 75 -1
204 52 58 68 -1
205 16 38 -1
206 19 77 108 -1
207 11 16 28 29 30 56 79 86 103 -1
208 8 9 22 30 51 52 77 84 92 98 99 102 105 106 107 -1
209 12 16 28 29 58 94 96 102 103 -1
210 33 45 -1
211 2 15 77 92 98 101 102 104 -1
212 15 75 90 95 -1
213 22 28 30 41 45 79 102 -1
214 2 77 79 95 100 -1
215 90 95 -1
216 4 76 77 86 87 88 -1
217 45 81 102 -1
218 79 89 90 95 100 -1
219 77 91 93 -1
220 5 16 28 34 51 56 75 77 81 102 110 111 112 115 116 117 119 120 122 123 124 127 131 132 -1
221 9 13 16 33 40 53 75 77 90 102 118 121 125 -1
222 5 28 36 39 56 77 96 102 108 113 114 126 131 133 -1
223 15 45 -1
224 33 71 102 128 -1
225 77 115 117 120 124 -1
226 33 71 102 -1
227 12 50 129 130 131 -1
228 1 13 15 16 53 102 126 142 -1
229 12 19 37 51 53 77 83 96 102 120 122 126 131 136 137 140 146 152 -1
230 8 13 30 41 43 71 86 102 138 143 147 148 -1
231 5 16 21 24 102 131 136 141 144 150 -1
232 77 102 122 131 139 153 -1
233 16 43 45 77 102 134 -1
234 51 122 152 -1
235 77 105 116 145 -1
236 13 43 102 138 155 163 -1
237 1 6 8 10 16 19 42 53 56 59 102 122 127 157 158 159 162 164 166 169 170 171 174 -1
238 2 5 7 53 75 87 148 149 154 156 159 161 162 163 -1
239 8 16 87 102 170 172 -1
240 8 12 13 15 19 45 87 102 160 -1
241 156 173 -1
242 8 12 13 19 31 43 53 102 155 165 -1
243 142 166 -1
244 135 167 -1
245 25 102 156 -1
246 34 77 181 187 -1
247 1 13 16 53 56 59 70 102 157 170 184 -1
248 53 59 92 102 159 163 168 180 181 182 185 191 -1
249 102 131 -1
250 45 52 189 -1
251 95 156 176 188 -1
252 13 53 58 102 159 178 186 190 -1
253 13 45 157 159 187 -1
254 95 156 176 -1
255 177 179 -1
256 34 52 181 187 196 -1
257 1 11 30 53 96 102 135 137 157 171 192 193 194 197 198 200 203 204 205 208 209 -1
258 138 156 201 202 -1
259 33 96 102 122 131 157 171 -1
260 2 13 -1
261 31 89 137 197 199 -1
262 53 102 178 192 193 194 195 197 207 -1
263 178 198 -1
264 2 16 43 138 218 219 221 -1
265 30 32 53 102 122 135 157 174 197 211 215 -1
266 33 102 157 159 181 186 205 210 212 215 220 -1
267 28 96 97 215 -1
268 43 52 102 160 218 -1
269 102 216 -1
270 33 53 56 102 122 135 174 184 205 214 217 -1
271 16 142 -1
272 135 197 -1
273 20 102 223 224 237 242 -1
274 14 28 102 122 137 175 182 201 205 228 229 240 -1
275 8 15 53 105 137 156 186 199 220 225 226 227 230 231 232 241 -1
276 235 241 -1
277 52 233 239 -1
278 13 102 137 230 231 241 -1
279 2 172 -1
280 45 52 237 -1
281 53 137 187 222 237 238 -1
282 238 264 -1
283 6 13 122 127 153 175 182 192 208 229 238 244 250 251 255 256 257 259 -1
284 17 30 102 159 172 200 220 246 247 248 249 260 261 262 265 267 -1
285 21 96 102 234 258 -1
286 52 101 120 137 138 224 237 252 -1
287 33 156 263 -1
288 18 258 -1
289 36 102 125 153 197 238 251 264 -1
290 19 245 253 254 -1
291 137 252 264 -1
292 33 229 -1
293 33 156 -1
294 13 37 43 224 242 264 -1
295 30 70 96 122 171 184 229 266 268 270 274 275 -1
296 70 90 184 262 265 269 272 273 281 -1
297 41 247 276 277 278 279 280 282 -1
298 14 55 70 218 -1
299 15 43 -1
300 30 55 70 90 192 218 224 281 -1
301 90 281 -1
302 12 19 37 38 50 -1
303 8 9 13 19 28 35 36 38 39 41 42 51 53 55 -1
304 1 16 19 24 25 30 31 40 43 52 -1
305 1 13 14 18 22 28 32 33 36 38 39 48 56 -1
306 11 13 33 38 55 -1
307 15 16 31 -1
308 13 33 44 -1
309 9 26 -1
310 30 33 -1
311 34 36 46 47 49 -1
312 13 19 -1
313 15 45 -1
314 8 13 58 64 67 68 69 70 -1
315 1 6 16 18 28 33 34 37 52 58 59 62 63 65 68 70 79 -1
316 5 8 13 16 18 30 36 38 60 61 64 71 72 74 80 -1
317 1 8 21 28 36 73 -1
318 16 33 77 -1
319 13 15 -1
320 9 16 33 75 76 -1
321 18 57 -1
322 16 28 38 55 62 63 65 70 -1
323 33 76 -1
324 78 82 -1
325 70 81 -1
326 33 54 66 -1
327 33 75 -1
328 52 58 68 -1
329 8 13 16 28 29 38 51 56 79 86 103 -1
330 4 9 13 22 51 52 57 77 84 92 98 99 -1
331 16 28 94 96 97 102 103 -1
332 38 45 -1
333 15 77 101 102 104 -1
334 90 95 -1
335 13 19 22 28 30 41 45 83 102 -1
336 79 95 100 -1
337 90 95 -1
338 4 76 77 86 87 88 -1
339 45 77 81 102 -1
340 79 89 90 100 -1
341 38 45 -1
342 77 91 93 -1
343 19 108 109 -1
344 28 30 34 51 56 75 77 81 102 110 111 112 115 116 117 119 120 122 123 124 127 -1
345 13 16 30 33 40 53 77 98 102 105 106 107 121 125 -1
346 5 12 28 29 39 56 58 77 96 102 108 113 114 -1
347 33 128 -1
348 2 15 45 77 98 -1
349 15 33 71 102 128 -1
350 77 79 115 120 124 -1
351 2 45 77 -1
352 33 71 102 -1
353 16 20 53 102 142 -1
354 1 5 10 16 19 37 53 77 83 102 120 122 126 127 131 136 137 140 -1
355 3 9 18 41 75 77 86 90 102 118 138 -1
356 13 16 21 24 28 36 77 96 102 126 131 133 136 141 -1
357 27 102 131 139 -1
358 16 43 45 77 120 -1
359 102 131 -1
360 53 134 -1
361 12 50 129 130 131 -1
362 77 105 116 -1
363 13 15 43 102 126 155 -1
364 8 12 16 51 53 56 59 96 122 127 146 152 157 158 -1
365 2 8 13 30 41 43 71 143 147 148 149 154 156 159 161 -1
366 5 8 16 126 144 150 -1
367 77 122 153 -1
368 8 52 87 92 102 134 160 -1
369 8 13 31 43 51 102 122 152 155 -1
370 142 159 -1
371 25 156 -1
372 34 102 163 181 -1
373 1 8 11 19 42 53 59 102 122 157 159 162 164 166 169 170 171 174 175 -1
374 53 75 87 102 148 159 162 163 180 182 -1
375 21 29 87 170 172 -1
376 102 131 -1
377 13 15 19 45 -1
378 95 156 173 176 -1
379 12 13 19 53 102 155 165 178 -1
380 142 166 183 -1
381 13 157 -1
382 95 176 -1
383 135 167 -1
384 12 177 179 -1
385 77 138 181 187 196 -1
386 8 11 14 16 53 56 157 170 171 184 192 193 194 197 198 -1
387 7 22 33 53 59 102 163 168 181 191 -1
388 23 102 134 157 171 -1
389 45 52 189 -1
390 137 156 188 199 -1
391 13 33 53 102 159 184 186 190 192 193 194 195 197 -1
392 13 45 187 -1
393 95 156 -1
394 178 186 198 -1
395 1 2 34 52 -1
396 1 3 30 32 53 96 102 135 137 157 171 197 200 203 204 205 208 209 211 -1
397 156 186 201 202 205 210 -1
398 33 96 102 122 131 -1
399 2 12 13 -1
400 31 89 197 -1
401 102 122 178 207 -1
402 16 20 43 102 138 218 219 221 223 224 -1
403 16 110 122 135 157 174 197 201 205 215 228 -1
404 17 102 157 159 181 212 215 220 225 226 227 -1
405 28 215 -1
406 43 102 160 218 -1
407 102 216 223 -1
408 56 102 135 174 205 217 -1
409 156 216 -1
410 70 187 222 -1
411 135 197 -1
412 237 242 -1
413 6 102 122 137 175 182 208 229 240 -1
414 15 25 53 92 105 137 156 172 185 186 199 230 231 232 241 -1
415 234 235 241 -1
416 52 233 239 -1
417 13 58 102 137 192 214 230 231 241 -1
418 2 172 -1
419 45 52 237 -1
420 53 137 237 238 -1
421 235 243 -1
422 13 122 127 132 153 182 244 250 251 255 256 257 259 -1
423 8 30 102 159 200 220 246 247 248 249 260 261 262 -1
424 21 96 102 258 -1
425 52 101 137 138 224 237 252 -1
426 15 33 156 -1
427 43 102 125 153 197 -1
428 245 253 254 -1
429 137 252 -1
430 33 156 -1
431 8 13 38 58 64 67 68 69 -1
432 1 16 18 28 37 38 52 53 55 58 59 62 63 65 68 70 79 -1
433 16 18 30 36 38 60 61 64 71 72 74 80 -1
434 1 8 21 28 36 48 56 73 -1
435 13 16 38 55 77 -1
436 9 33 44 75 76 -1
437 16 28 38 55 62 63 65 83 -1
438 30 33 76 -1
439 78 82 -1
440 33 54 66 -1
441 33 75 -1
442 52 58 68 -1
443 16 38 -1
444 70 77 -1
445 8 16 28 29 30 51 56 79 86 103 -1
446 3 9 52 57 77 84 92 98 99 102 105 106 -1
447 16 28 58 94 96 97 102 103 -1
448 33 45 -1
449 2 15 77 102 104 -1
450 15 90 95 -1
451 19 22 28 30 41 45 70 79 102 -1
452 2 16 79 95 100 -1
453 90 95 -1
454 4 46 47 76 77 86 87 88 -1
455 45 70 77 81 102 -1
456 79 89 90 95 100 -1
457 77 91 93 -1
458 108 109 -1
459 28 34 51 56 75 81 110 111 112 115 117 119 120 122 123 -1
460 16 22 30 33 40 51 53 77 98 107 118 121 -1
461 12 28 29 38 77 96 108 113 114 -1
462 15 45 52 92 98 -1
463 33 71 102 -1
464 19 115 117 120 -1
465 45 77 -1
466 33 71 102 -1
467 5 13 16 37 53 56 77 102 116 122 126 127 131 132 136 137 -1
468 9 13 41 52 75 77 90 102 125 -1
469 5 36 39 56 77 96 102 126 131 133 -1
470 12 129 130 131 -1
471 13 15 16 53 102 126 142 -1
472 12 19 51 56 83 96 102 120 122 131 137 140 146 152 -1
473 8 13 25 30 41 43 71 86 102 138 143 147 148 149 -1
474 5 13 16 21 22 24 29 102 131 141 144 150 -1
475 77 102 131 139 153 -1
476 16 43 45 77 102 120 134 -1
477 31 51 122 152 -1
478 53 142 -1
479 77 105 116 145 -1
480 13 43 102 155 -1
481 8 16 19 53 59 77 122 124 127 157 158 162 164 -1
482 2 148 154 156 159 161 163 -1
483 8 16 18 32 -1
484 33 122 -1
485 8 12 13 15 16 45 87 102 160 -1
486 13 156 -1
487 8 28 43 53 102 124 155 165 -1
488 142 166 -1
489 13 157 159 -1
490 1 2 12 19 20 50 77 138 -1
491 1 6 8 9 10 11 13 14 38 42 53 59 77 102 122 169 170 174 175 -1
492 1 4 7 8 19 25 30 53 75 87 159 162 -1
493 13 14 87 102 170 172 -1
494 14 38 -1
495 2 29 -1
496 13 19 45 -1
497 95 156 173 176 -1
498 12 13 19 53 102 155 -1
499 95 176 -1
500 12 179 -1
501 34 181 187 -1
502 16 28 34 38 41 42 53 56 77 157 159 170 171 184 192 193 194 -1
503 5 13 22 30 33 53 59 92 102 163 168 180 181 182 185 191 -1
504 1 23 38 134 136 157 171 -1
505 102 131 -1
506 15 45 52 189 -1
507 16 156 188 -1
508 13 33 53 58 102 178 184 186 190 192 193 194 195 -1
509 13 45 187 -1
510 177 187 -1
511 34 37 52 181 187 196 -1
512 1 3 19 30 32 33 36 53 96 102 122 135 137 157 171 197 198 200 203 204 205 208 211 -1
513 40 43 102 156 157 181 186 201 202 205 210 212 -1
514 21 28 33 96 102 131 -1
515 2 13 43 101 -1
516 15 31 89 137 197 199 -1
517 27 102 122 135 178 197 205 207 217 -1
518 45 187 -1
519 89 216 -1
520 70 178 198 -1
521 16 20 43 102 138 218 219 221 223 224 237 -1
522 30 39 102 122 157 174 182 201 205 209 215 228 229 -1
523 15 18 24 31 53 105 137 156 159 186 215 220 225 226 227 230 231 232 -1
524 28 39 215 234 235 -1
525 31 102 160 218 233 -1
526 102 216 223 -1
527 13 56 135 137 159 174 192 230 231 -1
528 2 36 172 -1
529 25 53 137 187 222 237 238 -1
530 135 197 -1
531 19 163 242 -1
532 13 35 122 137 153 166 171 175 208 229 240 244 250 251 255 256 257 -1
533 30 102 159 172 199 241 246 247 248 249 -1
534 13 21 96 102 122 241 -1
535 52 101 137 138 224 237 239 252 -1
536 33 156 -1
537 13 102 125 153 197 214 241 -1
538 49 245 253 254 -1
539 45 52 137 237 252 -1
540 33 156 -1
541 235 243 -1
542 37 43 224 238 242 264 -1
543 30 96 122 127 171 182 184 192 229 238 259 266 268 270 274 275 -1
544 13 17 70 159 184 200 220 260 261 262 265 267 269 272 273 -1
545 30 36 238 251 264 -1
546 19 34 -1
547 1 8 13 19 38 58 64 67 68 69 -1
548 1 3 16 18 28 37 42 52 55 58 59 62 63 65 68 70 79 -1
549 5 13 16 30 36 38 60 61 64 71 72 74 -1
550 21 28 56 73 -1
551 13 33 77 -1
552 9 33 75 76 -1
553 27 28 55 62 63 65 70 -1
554 33 76 -1
555 70 81 -1
556 33 66 -1
557 33 75 -1
558 52 58 68 -1
559 8 16 29 33 34 38 56 79 -1
560 9 18 22 24 52 77 84 92 -1
561 1 8 14 16 21 23 28 36 58 94 96 -1
562 38 45 -1
563 16 19 22 28 38 41 45 79 83 -1
564 4 76 82 86 87 88 -1
565 45 77 -1
566 89 90 -1
567 77 85 -1
568 16 38 45 -1
569 77 91 93 -1
570 19 37 108 -1
571 11 14 28 30 51 86 103 -1
572 22 40 51 57 98 99 102 105 106 -1
573 13 29 36 96 97 102 103 -1
574 11 14 33 38 -1
575 15 77 101 102 104 -1
576 28 30 102 -1
577 79 95 -1
578 34 77 -1
579 81 102 -1
580 79 95 100 -1
581 12 70 109 -1
582 28 34 51 56 75 77 81 110 111 112 115 116 117 119 120 123 124 -1
583 16 33 40 53 77 98 102 118 121 -1
584 28 38 77 96 108 113 114 -1
585 2 15 45 52 77 92 98 -1
586 33 71 102 -1
587 77 115 117 124 -1
588 2 45 77 -1
589 33 71 102 -1
590 1 5 16 19 37 53 56 77 102 122 126 127 131 132 136 137 -1
591 9 13 17 19 25 30 41 75 77 90 125 -1
592 5 36 39 56 77 96 102 126 131 133 136 -1
593 13 15 128 -1
594 12 50 129 130 131 -1
595 13 16 53 102 142 -1
596 9 10 19 28 35 41 51 96 120 122 131 137 140 146 -1
597 13 41 102 138 143 147 -1
598 1 16 21 24 33 131 141 144 -1
599 102 122 131 139 -1
600 15 16 43 45 77 120 134 -1
601 51 120 122 -1
602 15 53 142 -1
603 77 105 116 145 -1
604 13 15 20 43 102 126 155 -1
605 12 53 56 83 122 127 152 158 -1
606 1 2 4 8 30 31 43 71 107 148 149 154 156 161 -1
607 5 8 12 13 18 28 38 150 -1
608 77 153 -1
609 8 87 102 -1
610 8 13 31 43 102 152 155 -1
611 13 102 -1
612 8 11 13 16 36 53 59 122 157 162 164 169 -1
613 87 159 163 -1
614 13 16 22 29 32 48 102 -1
615 12 13 15 19 31 45 102 160 -1
616 13 19 43 53 102 155 165 -1
617 142 166 -1
618 13 157 -1
619 135 167 -1
620 34 77 138 163 181 -1
621 1 13 19 28 39 42 51 53 59 102 122 159 166 171 174 175 -1
622 3 8 18 25 53 75 77 102 148 162 180 -1
623 33 87 170 172 -1
624 95 156 173 176 -1
625 12 53 178 -1
626 36 47 -1
627 95 176 -1
628 12 177 179 -1
629 50 187 -1
630 8 16 28 53 56 157 170 171 184 192 -1
631 30 33 38 43 53 59 92 163 168 181 182 185 191 -1
632 16 28 134 157 171 -1
633 102 131 -1
634 45 52 189 -1
635 16 188 -1
636 13 19 33 53 58 102 184 186 190 192 -1
637 13 45 187 -1
638 34 52 181 187 196 -1
639 1 8 30 38 96 102 135 170 171 193 194 197 200 203 204 205 208 209 -1
640 80 86 156 201 202 -1
641 33 96 102 122 131 -1
642 13 16 -1
643 2 206 -1
644 2 13 16 -1
645 31 89 156 197 199 -1
646 53 102 159 178 193 194 195 197 207 -1
647 156 178 198 -1
648 2 16 43 138 218 219 -1
649 6 30 32 53 102 122 135 137 157 174 197 198 211 215 -1
650 7 52 102 157 159 181 186 205 210 212 215 220 -1
651 28 39 215 -1
652 43 102 160 218 -1
653 102 137 216 -1
654 9 26 -1
655 56 102 122 135 174 205 214 217 -1
656 46 213 -1
657 135 197 -1
658 8 13 19 67 68 69 70 -1
659 1 8 14 18 28 37 52 55 58 68 70 79 -1
660 1 5 13 16 18 30 31 36 61 64 71 72 74 80 -1
661 1 14 21 28 36 39 73 -1
662 16 27 33 38 77 -1
663 13 15 -1
664 33 44 75 76 -1
665 16 27 28 38 65 70 -1
666 30 33 76 -1
667 78 82 -1
668 70 81 -1
669 33 66 -1
670 33 75 -1
671 58 68 -1
672 64 77 -1
673 11 13 16 28 29 38 79 -1
674 9 22 51 52 57 77 92 98 99 -1
675 28 58 94 96 97 -1
676 33 45 -1
677 33 95 -1
678 19 22 28 41 45 55 79 83 -1
679 4 34 76 86 87 88 -1
680 45 77 -1
681 89 90 95 -1
682 38 45 -1
683 77 91 93 -1
684 2 19 108 109 -1
685 3 6 19 30 38 51 59 86 103 -1
686 16 30 33 77 98 102 106 107 -1
687 12 13 16 28 96 102 103 -1
688 2 15 31 45 52 77 92 98 101 102 104 -1
689 15 16 90 -1
690 28 30 102 -1
691 2 45 77 79 100 -1
692 90 95 -1
693 81 102 -1
694 79 100 -1
695 20 38 -1
696 1 28 34 56 75 81 110 111 112 115 116 117 119 120 122 -1
697 8 22 40 53 77 84 105 118 121 -1
698 8 21 28 29 96 108 113 114 -1
699 13 14 -1
700 13 15 33 71 102 -1
701 28 115 117 120 -1
702 33 71 102 -1
703 5 16 33 51 56 77 102 122 123 124 127 132 -1
704 3 9 13 75 102 125 -1
705 5 18 33 36 39 56 77 96 102 -1
706 77 124 -1
707 15 134 -1
708 12 50 129 130 131 -1
709 13 16 53 102 142 -1
710 11 19 37 51 53 77 83 96 102 120 122 126 127 131 136 137 140 -1
711 41 86 90 102 138 143 -1
712 16 21 24 48 96 102 126 131 133 136 141 144 -1
713 102 122 131 139 -1
714 16 43 45 77 120 134 -1
715 46 49 -1
716 102 131 -1
717 53 142 -1
718 77 105 116 145 -1
719 13 15 37 43 58 102 126 155 -1
720 8 12 42 51 53 56 63 122 127 146 152 157 158 -1
721 2 8 13 43 71 147 148 154 156 -1
722 5 13 23 28 33 38 77 150 -1
723 77 153 -1
724 8 102 160 -1
725 9 156 -1
726 8 13 31 43 51 62 152 155 -1
727 25 156 -1
728 13 77 102 138 163 -1
729 8 16 19 39 53 59 102 122 159 162 164 166 170 171 -1
730 13 16 19 24 25 30 53 75 87 148 149 159 161 163 -1
731 16 22 32 87 102 126 170 172 -1
732 12 13 15 19 45 87 -1
733 12 19 53 102 155 165 -1
734 142 166 -1
735 13 157 -1
736 135 167 -1
737 34 181 187 -1
738 1 8 13 34 36 41 42 53 59 102 169 174 175 184 -1
739 4 8 17 33 43 77 92 102 162 180 181 182 185 -1
740 13 134 -1
741 11 102 131 -1
742 2 29 -1
743 45 52 -1
744 95 173 176 188 -1
745 13 33 53 58 102 178 184 -1
746 13 45 -1
747 95 176 -1
748 12 49 177 179 -1
749 168 187 -1
750 34 50 52 181 187 196 -1
751 6 16 30 35 53 56 77 96 102 157 170 171 192 193 194 197 198 200 -1
752 7 38 53 59 60 163 168 191 201 202 -1
753 29 33 56 102 157 171 -1
754 2 13 16 189 -1
755 31 137 156 188 197 199 -1
756 53 63 102 159 178 186 190 192 193 194 195 197 -1
757 36 47 -1
758 18 178 198 -1
759 1 9 10 30 32 38 53 102 122 135 137 157 171 197 203 204 205 208 209 211 215 -1
760 25 30 52 102 156 157 181 186 205 210 212 -1
761 8 28 96 122 131 -1
762 13 38 102 -1
763 89 216 -1
764 13 102 122 135 205 207 214 217 -1
765 89 216 -1
766 1 16 20 43 102 138 218 219 221 223 224 -1
767 53 62 65 122 174 201 205 215 228 229 -1
768 18 40 137 159 215 220 225 226 227 230 231 -1
769 38 215 -1
770 102 160 218 -1
771 102 223 -1
772 56 102 135 137 174 230 231 -1
773 187 222 -1
774 135 197 -1
775 8 13 67 68 69 70 -1
776 1 8 13 16 18 28 37 38 52 58 63 65 68 70 79 -1
777 1 13 16 18 22 30 36 51 57 60 61 64 71 72 74 80 -1
778 1 21 28 36 73 -1
779 16 27 38 77 -1
780 33 75 76 -1
781 16 19 28 38 63 65 70 83 -1
782 33 76 -1
783 36 46 78 82 -1
784 70 77 81 -1
785 33 66 -1
786 33 75 -1
787 52 58 68 -1
788 16 38 -1
789 2 77 -1
790 14 16 28 29 30 39 51 56 79 86 -1
791 9 22 30 38 52 77 84 92 98 99 -1
792 13 16 28 38 39 56 58 94 96 97 -1
793 38 45 -1
794 15 101 -1
795 13 44 90 95 -1
796 28 30 41 45 55 62 79 -1
797 79 95 100 -1
798 90 95 -1
799 4 76 77 86 87 88 -1
800 15 45 81 102 -1
801 79 89 90 95 100 -1
802 77 91 93 -1
803 12 19 108 109 -1
804 28 56 59 81 103 110 111 112 -1
805 16 25 30 33 40 53 77 98 102 105 106 107 -1
806 1 12 28 29 32 96 102 103 113 114 -1
807 2 15 45 52 77 92 98 102 104 -1
808 15 33 71 102 -1
809 22 28 102 -1
810 2 45 77 -1
811 33 71 102 -1
812 13 58 -1
813 5 11 16 33 34 37 51 53 56 75 77 102 115 116 117 119 120 122 123 127 131 132 136 -1
814 3 9 13 31 75 77 90 102 118 121 125 -1
815 5 13 23 36 39 48 56 77 96 102 126 131 136 -1
816 33 128 -1
817 77 115 117 120 124 -1
818 12 50 130 131 -1
819 13 15 16 38 53 102 126 142 -1
820 12 19 38 51 53 55 77 83 96 102 120 122 124 126 131 137 140 146 -1
821 13 18 24 30 41 43 71 86 102 138 143 147 148 149 -1
822 16 18 24 102 131 133 141 144 -1
823 55 77 102 122 131 139 -1
824 16 43 45 77 120 134 -1
825 28 51 122 -1
826 13 102 -1
827 53 142 -1
828 77 105 116 145 -1
829 1 13 19 20 43 50 102 155 -1
830 6 8 16 19 56 59 110 122 127 152 157 158 162 164 -1
831 4 5 8 16 38 148 154 159 161 163 -1
832 5 8 14 16 21 22 28 36 108 150 -1
833 14 153 -1
834 8 12 15 45 102 160 -1
835 8 13 31 43 102 152 155 -1
836 77 102 138 163 -1
837 1 3 42 53 59 102 122 166 169 170 171 174 175 -1
838 2 43 53 75 87 156 159 162 -1
839 16 33 102 170 172 -1
840 13 19 45 102 -1
841 95 156 173 -1
842 12 13 19 53 102 155 165 -1
843 13 157 -1
844 156 176 -1
845 135 167 -1
846 34 181 187 -1
847 10 16 36 53 62 102 157 159 184 -1
848 33 92 102 180 181 182 185 -1
849 87 134 -1
850 13 102 131 -1
851 45 52 -1
852 176 188 -1
853 13 33 53 58 102 178 184 -1
854 13 45 -1
855 12 177 179 -1
856 34 181 187 -1
857 16 34 38 51 53 56 102 157 170 171 192 193 194 197 198 200 -1
858 25 53 59 163 168 191 -1
859 29 33 102 157 171 -1
860 11 13 33 -1
861 2 16 87 189 -1
862 31 33 137 156 188 197 199 -1
863 53 102 159 178 186 190 193 194 195 197 -1
864 45 187 -1
865 178 186 198 -1
866 16 52 -1
867 1 30 32 35 53 96 102 122 135 137 157 171 197 203 204 205 208 209 211 215 -1
868 102 156 157 181 186 201 202 205 210 212 -1
869 28 38 96 122 131 -1
870 13 15 43 102 -1
871 89 102 216 -1
872 102 122 135 192 205 207 214 217 -1
873 89 216 -1
874 20 37 43 102 138 196 218 219 221 223 224 -1
875 1 28 42 102 122 174 182 201 205 215 228 229 -1
876 7 15 17 30 40 53 105 137 156 159 186 215 220 225 226 227 230 231 232 -1
877 21 215 234 235 -1
878 15 160 233 -1
879 16 223 -1
880 56 135 137 174 192 230 231 -1
881 187 222 -1
882 135 197 -1
883 64 237 242 -1
884 9 19 41 137 175 208 229 240 244 250 251 -1
885 8 13 19 30 102 159 172 199 241 246 247 248 249 -1
886 8 21 33 241 -1
887 52 137 138 218 224 237 239 252 -1
888 9 156 -1
889 26 57 -1
890 13 19 27 102 125 197 241 -1
891 2 245 253 254 -1
892 45 52 137 237 252 -1
893 53 137 237 238 -1
894 235 243 -1
895 13 37 102 224 264 -1
896 30 53 70 96 122 157 184 224 229 274 286 -1
897 13 90 138 246 262 265 269 272 273 281 -1
898 23 28 38 41 224 276 277 278 279 282 -1
899 55 70 -1
900 90 156 -1
901 30 51 55 70 90 102 127 155 159 184 224 283 -1
902 90 287 -1
903 1 284 285 -1
904 102 142 -1
905 52 283 -1
906 2 13 43 70 126 224 237 242 291 304 -1
907 9 51 53 56 98 122 127 157 197 208 224 229 238 268 288 290 292 295 296 298 -1
908 53 92 197 224 262 272 297 303 -1
909 13 122 224 -1
910 153 278 299 -1
911 155 300 301 -1
912 21 53 264 290 293 -1
913 19 45 -1
914 6 16 21 53 56 110 119 122 126 157 163 192 197 212 222 224 229 272 274 304 308 310 316 319 320 323 324 326 -1
915 2 31 38 70 71 105 156 159 237 267 272 286 311 312 313 -1
916 21 96 222 224 242 308 325 -1
917 15 45 52 77 302 318 -1
918 27 30 71 102 135 218 304 316 -1
919 86 247 309 -1
920 224 322 -1
921 135 171 -1
922 1 8 12 13 15 16 19 20 34 43 45 50 52 64 67 68 69 70 77 102 108 109 126 138 142 155 163 181 187 196 219 221 223 224 237 242 299 304 327 -1
923 1 5 8 10 11 12 13 14 16 18 19 28 30 32 33 34 35 36 37 38 41 42 51 52 53 55 56 58 59 62 63 65 68 70 75 77 79 81 83 86 96 102 103 110 111 112 116 120 122 123 124 126 127 131 132 135 136 137 140 146 152 153 157 158 159 162 164 166 169 170 171 174 175 182 184 192 193 194 197 198 200 201 203 204 205 211 215 228 229 240 244 250 251 255 256 257 266 268 270 275 299 304 305 306 307 314 321 -1
924 1 3 5 8 9 13 15 16 17 18 19 22 24 25 30 33 36 38 40 41 43 51 52 53 59 60 61 64 71 72 75 77 80 84 86 87 92 98 99 102 105 106 107 118 121 125 137 138 143 147 148 154 156 157 159 161 162 163 165 168 172 180 181 182 185 186 191 200 201 202 205 210 212 220 225 226 227 230 231 232 241 242 247 248 249 260 261 262 264 265 267 299 304 305 310 312 325 332 333 -1
925 1 5 8 12 13 14 16 18 21 24 28 29 32 33 34 36 38 48 56 73 77 87 94 96 97 102 103 108 113 122 126 131 133 134 136 141 144 150 157 170 171 172 215 224 234 235 241 258 280 323 324 329 335 -1
926 13 27 33 38 45 55 77 102 122 128 131 139 153 272 304 336 -1
927 28 206 -1
928 2 8 12 13 15 16 19 31 43 45 52 77 87 98 101 102 104 134 137 138 160 189 218 224 233 237 239 252 301 328 -1
929 9 13 15 31 33 44 75 89 90 95 102 128 137 156 173 188 197 199 216 223 263 301 -1
930 9 18 26 57 -1
931 8 12 13 16 19 22 28 30 31 33 36 38 41 43 45 53 55 56 58 62 63 65 70 77 83 102 115 117 120 122 124 125 135 137 153 155 159 165 174 178 184 186 190 192 193 194 195 197 207 214 231 238 241 242 251 272 294 322 332 334 -1
932 2 16 45 77 79 95 100 -1
933 30 33 71 76 89 90 95 102 135 263 -1
934 2 34 36 46 47 49 76 77 78 87 88 142 166 172 183 213 245 253 254 -1
935 13 19 102 131 -1
936 13 16 45 52 53 70 77 81 102 134 137 159 187 237 252 264 -1
937 13 31 -1
938 33 54 66 89 229 304 -1
939 33 79 89 95 100 156 176 216 -1
940 58 68 86 135 167 236 -1
941 18 25 33 53 70 102 137 155 156 171 178 186 187 197 198 222 237 238 241 295 331 -1
942 77 85 151 -1
943 38 45 122 155 -1
944 77 264 -1
945 12 49 91 177 179 187 222 -1
946 102 108 168 187 -1
947 12 50 130 131 235 243 -1
948 135 197 -1
949 77 105 116 145 -1
950 59 272 304 330 -1
951 89 304 305 -1
952 192 294 304 330 -1
953 8 13 237 241 264 -1
954 16 19 21 28 39 51 56 102 122 127 182 184 204 208 215 272 283 286 289 341 348 349 350 -1
955 16 21 30 33 68 102 149 272 301 325 337 339 345 346 347 -1
956 39 77 114 338 343 -1
957 16 33 272 340 -1
958 15 120 340 -1
959 156 159 340 -1
960 52 56 159 197 229 230 237 272 301 348 349 350 -1
961 68 148 320 342 343 348 -1
962 52 237 242 -1
963 237 282 344 -1
964 43 52 138 222 273 323 359 -1
965 15 30 51 53 115 122 135 157 174 204 215 304 320 325 348 350 351 -1
966 30 68 87 184 282 337 345 352 -1
967 304 350 -1
968 354 355 356 -1
969 33 71 76 -1
970 16 53 152 205 264 304 305 325 348 350 352 360 -1
971 51 184 -1
972 13 38 43 53 340 -1
973 16 53 56 63 122 175 184 215 272 348 360 362 367 368 369 -1
974 4 8 16 70 74 87 311 337 340 352 361 365 366 -1
975 39 56 122 325 363 -1
976 184 217 281 325 348 -1
977 90 156 176 -1
978 53 56 68 102 123 134 184 364 370 -1
979 43 371 -1
980 1 13 28 39 53 102 134 157 159 232 319 335 337 -1
981 52 57 102 142 148 162 165 171 224 241 319 325 351 362 371 372 373 374 376 -1
982 352 377 -1
983 43 45 375 377 -1
984 31 135 157 184 240 295 337 370 -1
985 15 45 -1
986 157 162 184 241 337 378 -1
987 218 366 379 -1
988 3 102 122 382 383 -1
989 30 90 304 380 383 386 -1
990 102 122 135 295 381 -1
991 156 381 388 -1
992 381 388 -1
993 267 342 384 -1
994 136 387 -1
995 138 352 -1
996 58 168 242 -1
997 28 53 59 79 102 120 157 171 208 209 259 341 -1
998 159 200 229 304 370 383 384 391 397 -1
999 13 16 22 58 341 369 398 400 -1
1000 45 102 353 392 395 -1
1001 272 377 381 393 -1
1002 79 309 385 390 -1
1003 157 353 358 392 395 -1
1004 33 388 389 -1
1005 15 43 52 87 242 -1
1006 11 16 53 55 117 122 157 201 208 215 235 274 292 325 408 -1
1007 7 13 159 402 403 407 -1
1008 21 25 28 246 338 404 -1
1009 11 55 -1
1010 2 29 404 -1
1011 15 92 375 -1
1012 16 89 156 176 388 409 -1
1013 9 16 51 55 122 126 157 317 370 -1
1014 401 405 -1
1015 388 409 -1
1016 238 242 267 272 -1
1017 8 29 38 102 122 157 182 184 227 244 403 429 -1
1018 68 156 159 184 199 215 224 273 409 410 412 413 423 426 -1
1019 52 102 122 137 184 199 247 406 420 -1
1020 14 390 -1
1021 101 424 425 -1
1022 415 417 418 421 423 -1
1023 19 52 227 325 335 375 378 406 414 427 -1
1024 89 415 -1
1025 39 135 199 227 401 403 411 416 419 -1
1026 242 264 428 -1
1027 77 93 126 -1
1028 129 422 -1
1029 262 382 403 -1
1030 264 336 -1
1031 2 20 58 67 68 69 70 -1
1032 1 3 8 11 18 28 36 37 38 52 58 62 68 70 79 -1
1033 3 4 5 9 13 16 17 18 22 25 30 36 51 52 57 64 71 72 74 80 -1
1034 1 28 29 36 73 -1
1035 16 38 77 -1
1036 15 75 76 -1
1037 16 19 28 38 70 83 -1
1038 46 47 49 78 82 -1
1039 70 77 81 -1
1040 33 66 -1
1041 52 58 68 -1
1042 16 38 -1
1043 19 77 -1
1044 8 16 28 29 30 41 42 51 55 56 79 -1
1045 19 30 52 60 77 92 98 99 -1
1046 16 21 39 58 94 96 97 -1
1047 33 45 -1
1048 33 95 -1
1049 22 28 30 41 45 55 65 79 -1
1050 95 100 -1
1051 4 34 76 87 88 -1
1052 45 81 -1
1053 33 89 95 100 -1
1054 77 91 93 -1
1055 19 108 109 -1
1056 28 56 65 75 81 86 103 110 111 112 115 116 117 -1
1057 1 16 30 33 40 53 77 84 98 102 105 106 107 118 -1
1058 12 21 28 29 96 102 103 108 113 114 -1
1059 2 15 45 52 77 92 98 101 102 104 -1
1060 15 33 71 90 102 -1
1061 102 115 117 -1
1062 2 45 77 79 -1
1063 33 71 90 102 -1
1064 79 90 -1
1065 5 9 11 16 34 51 53 56 77 102 119 120 122 123 124 127 131 132 136 -1
1066 9 13 38 75 77 90 102 121 -1
1067 5 33 36 39 56 77 96 102 126 131 133 -1
1068 38 55 128 -1
1069 44 128 -1
1070 19 77 120 124 -1
1071 15 45 134 -1
1072 12 50 129 130 131 -1
1073 1 13 16 38 53 102 142 -1
1074 16 19 37 51 53 77 83 96 102 122 126 131 137 140 146 -1
1075 13 38 41 61 86 102 125 138 143 147 -1
1076 16 21 24 28 38 102 131 136 141 144 -1
1077 77 102 122 131 139 -1
1078 16 43 45 77 102 120 134 -1
1079 53 142 -1
1080 77 105 116 -1
1081 13 15 43 64 102 155 -1
1082 8 12 14 16 19 53 59 122 127 152 158 162 164 -1
1083 2 8 30 43 148 149 154 156 159 161 163 -1
1084 5 8 16 48 150 -1
1085 14 153 -1
1086 8 12 13 15 45 87 102 160 -1
1087 13 156 -1
1088 8 13 31 43 53 102 152 155 165 -1
1089 142 166 -1
1090 13 157 159 -1
1091 25 156 -1
1092 13 34 77 138 163 -1
1093 1 19 35 42 53 59 122 157 166 169 170 171 174 175 -1
1094 22 43 53 75 87 159 162 -1
1095 13 87 102 170 -1
1096 13 19 45 -1
1097 16 95 156 173 176 -1
1098 12 13 19 102 155 178 -1
1099 95 176 -1
1100 12 177 179 -1
1101 37 181 187 -1
1102 16 33 53 56 59 102 120 157 170 184 192 193 -1
1103 53 59 92 102 163 168 180 181 182 185 191 -1
1104 32 38 134 171 -1
1105 15 45 52 189 -1
1106 156 188 -1
1107 13 53 58 102 122 159 186 190 192 -1
1108 36 183 -1
1109 13 45 187 -1
1110 34 52 126 181 187 196 -1
1111 10 30 32 38 39 53 96 102 127 135 137 157 171 194 197 198 200 203 204 205 208 209 211 -1
1112 30 40 156 186 201 202 210 212 -1
1113 33 96 102 122 131 157 -1
1114 2 13 -1
1115 9 31 89 137 199 -1
1116 53 102 122 178 193 194 195 197 207 -1
1117 13 19 -1
1118 16 20 43 102 138 218 219 221 223 224 -1
1119 1 13 28 102 122 135 157 174 182 197 201 205 215 228 229 -1
1120 7 8 15 53 71 102 105 137 157 159 181 186 205 215 220 226 227 230 231 232 -1
1121 8 22 28 36 215 234 235 -1
1122 11 102 -1
1123 15 16 31 43 102 160 218 233 -1
1124 102 216 223 -1
1125 56 102 135 137 174 192 205 214 217 230 231 -1
1126 2 86 213 -1
1127 156 216 -1
1128 70 187 222 -1
1129 135 197 -1
1130 8 12 13 50 237 242 -1
1131 6 13 38 51 53 63 102 137 159 175 208 229 240 244 250 251 255 -1
1132 24 30 33 77 102 156 159 172 199 225 241 246 247 248 249 -1
1133 13 14 18 21 23 28 172 241 -1
1134 13 102 131 -1
1135 52 137 138 237 239 252 -1
1136 156 197 -1
1137 13 33 62 63 102 125 184 197 241 -1
1138 172 245 253 254 -1
1139 45 52 137 237 252 -1
1140 53 137 178 237 238 -1
1141 235 243 -1
1142 238 264 -1
1143 13 34 122 127 153 182 192 238 256 257 259 266 268 -1
1144 31 159 184 200 220 260 261 262 265 267 -1
1145 1 56 96 102 258 -1
1146 27 33 -1
1147 52 101 224 237 -1
1148 33 263 -1
1149 18 258 -1
1150 13 27 36 102 153 238 251 264 -1
1151 33 263 -1
1152 33 229 -1
1153 33 156 -1
1154 20 58 64 77 -1
1155 8 11 16 28 36 37 38 39 52 56 70 79 -1
1156 13 16 18 22 25 36 51 57 64 71 74 77 80 84 92 -1
1157 1 13 14 28 36 73 -1
1158 38 45 77 -1
1159 13 16 75 76 -1
1160 16 19 22 28 38 41 55 83 -1
1161 4 36 76 78 82 86 87 88 -1
1162 45 77 81 -1
1163 89 90 -1
1164 77 85 -1
1165 16 38 45 -1
1166 2 8 12 13 19 108 -1
1167 16 19 28 29 30 38 51 79 86 103 -1
1168 9 19 24 30 43 52 98 99 102 105 106 107 -1
1169 12 13 16 22 29 38 48 58 94 96 102 103 -1
1170 16 33 38 -1
1171 15 77 101 102 104 -1
1172 15 90 95 -1
1173 18 57 -1
1174 19 28 30 70 79 102 -1
1175 77 79 95 100 -1
1176 90 95 -1
1177 81 102 -1
1178 79 95 -1
1179 77 93 -1
1180 28 34 51 55 56 75 81 110 111 112 115 116 117 119 120 122 123 -1
1181 8 16 33 38 40 52 53 60 77 102 118 121 125 -1
1182 1 8 21 28 32 56 77 108 113 114 126 -1
1183 2 15 16 45 52 77 92 98 -1
1184 33 71 102 -1
1185 63 77 115 117 120 -1
1186 2 45 -1
1187 33 71 102 -1
1188 19 67 -1
1189 5 8 9 16 33 35 37 51 53 56 58 77 102 122 124 126 127 131 132 136 137 -1
1190 4 7 9 13 17 41 75 77 90 -1
1191 5 28 33 36 39 77 96 102 126 131 133 136 -1
1192 11 33 128 -1
1193 33 128 -1
1194 9 26 -1
1195 13 27 45 62 124 -1
1196 30 33 135 -1
1197 15 134 -1
1198 12 50 129 130 131 -1
1199 13 15 16 37 43 53 70 102 126 142 155 -1
1200 1 12 19 51 53 56 77 83 96 102 120 122 127 131 137 140 146 152 157 -1
1201 3 8 13 30 41 43 71 86 102 138 143 147 148 149 154 -1
1202 5 16 21 36 102 131 141 144 150 -1
1203 77 102 122 131 139 153 -1
1204 16 31 43 45 77 102 120 134 -1
1205 13 31 43 51 122 152 155 -1
1206 46 47 -1
1207 53 142 -1
1208 77 105 116 145 -1
1209 13 50 102 -1
1210 8 11 13 14 16 19 34 53 59 122 158 162 164 169 -1
1211 2 22 31 148 156 159 161 163 -1
1212 8 16 56 -1
1213 8 12 13 15 19 45 87 102 160 -1
1214 12 19 43 53 102 155 165 -1
1215 49 142 166 -1
1216 13 157 159 -1
1217 135 167 -1
1218 34 77 138 163 181 -1
1219 1 3 13 18 41 42 53 59 102 157 159 166 170 171 174 175 -1
1220 8 30 33 40 53 87 92 102 159 162 180 181 182 185 -1
1221 13 18 23 24 29 87 96 102 170 172 -1
1222 55 102 131 -1
1223 13 15 45 -1
1224 95 156 173 176 -1
1225 13 33 53 58 65 102 178 184 -1
1226 95 176 -1
1227 68 135 -1
1228 18 102 186 -1
1229 12 177 179 -1
1230 187 196 -1
1231 16 53 56 59 62 157 170 171 184 192 193 194 -1
1232 1 18 25 53 75 163 168 191 -1
1233 38 97 134 157 171 -1
1234 27 33 -1
1235 156 188 -1
1236 13 28 53 102 159 186 190 192 193 194 195 -1
1237 75 156 -1
1238 34 38 52 181 -1
1239 1 6 10 30 65 96 102 135 137 157 171 197 198 200 203 204 205 208 209 -1
1240 5 30 38 61 72 156 201 202 -1
1241 28 33 96 102 122 131 -1
1242 2 13 189 -1
1243 9 31 89 137 197 199 -1
1244 53 102 178 197 207 -1
1245 70 187 -1
1246 178 198 -1
1247 16 20 43 102 138 218 219 221 223 224 -1
1248 30 42 53 102 122 135 157 174 197 205 211 215 228 229 -1
1249 30 59 102 137 157 159 181 186 205 210 212 215 220 225 226 227 230 -1
1250 28 39 215 -1
1251 43 102 160 218 -1
1252 102 188 216 223 -1
1253 56 102 122 135 137 174 205 214 217 231 -1
1254 16 187 -1
1255 156 216 -1
1256 70 187 222 -1
1257 135 197 -1
1258 1 68 69 237 242 -1
1259 30 32 68 102 137 175 182 201 208 229 240 244 250 251 -1
1260 15 16 30 53 102 105 156 159 172 199 220 231 232 241 246 247 248 249 -1
1261 21 234 235 241 -1
1262 52 137 138 224 233 237 239 252 -1
1263 8 13 102 125 192 197 230 241 -1
1264 2 77 172 245 253 -1
1265 45 52 137 237 252 -1
1266 53 137 237 238 -1
1267 235 243 -1
