0 1 3 4 5 6 7 8 9 10 11 12 13 14 15 16 17 18 19 22 23 24 27 29 30 31 32 35 37 39 40 41 42 43 47 48 50 51 53 -1
1 7 22 -1
2 6 20 -1
3 7 26 38 44 45 46 52 -1
4 21 28 34 54 -1
5 21 38 -1
6 1 2 3 6 7 9 10 12 14 17 18 19 22 23 27 28 29 31 33 35 36 37 40 41 43 45 49 50 55 57 59 60 61 62 63 64 66 68 69 70 71 72 73 74 75 76 77 79 -1
7 12 18 59 71 74 -1
8 14 41 -1
9 6 62 -1
10 6 7 14 17 18 45 56 57 63 65 84 85 -1
11 2 12 67 80 81 83 85 -1
12 46 85 -1
13 2 12 19 80 81 83 -1
14 7 43 -1
15 6 58 67 78 -1
16 1 2 3 4 6 7 8 9 12 14 17 18 19 22 24 31 35 36 39 40 42 44 45 48 50 51 53 55 56 63 64 70 71 75 77 85 86 87 88 89 90 91 92 93 94 95 96 97 99 101 103 104 107 108 109 110 111 113 114 115 116 117 118 120 122 123 124 125 126 127 128 129 130 131 134 135 137 -1
17 6 7 8 12 121 126 127 -1
18 7 15 24 40 51 71 90 99 101 103 -1
19 12 102 -1
20 6 39 44 71 86 -1
21 7 12 14 21 24 40 51 82 90 94 102 105 107 112 114 115 119 132 -1
22 12 14 53 90 98 102 103 106 133 136 -1
23 15 51 -1
24 90 102 136 -1
25 7 79 92 95 114 -1
26 102 136 -1
27 100 103 106 -1
28 19 101 -1
29 1 3 5 6 7 8 9 10 12 14 15 17 18 19 22 23 24 27 28 29 30 31 32 33 35 36 37 39 40 41 42 43 47 48 50 51 53 55 57 59 60 61 62 63 64 66 68 69 71 72 73 74 75 76 77 79 -1
30 18 22 59 71 74 -1
31 14 41 -1
32 6 19 62 -1
33 6 7 14 17 18 21 26 38 44 45 46 52 56 57 63 65 -1
34 2 12 21 28 34 67 81 -1
35 21 38 46 -1
36 2 12 19 25 81 -1
37 6 58 78 -1
38 1 2 3 4 6 7 9 12 14 16 17 18 19 22 24 31 35 39 40 43 44 48 50 51 63 71 72 75 77 85 86 87 88 89 90 91 92 93 94 95 96 97 99 101 103 104 107 108 109 110 111 113 114 115 116 117 118 122 123 -1
39 6 7 12 121 -1
40 7 12 15 24 40 51 71 90 99 101 103 -1
41 12 102 -1
42 6 39 71 86 -1
43 7 12 14 24 51 82 84 85 90 94 102 105 107 112 115 119 -1
44 12 14 53 54 80 83 85 90 98 102 103 106 -1
45 15 51 85 -1
46 7 92 95 114 -1
47 100 103 -1
48 19 101 -1
49 5 6 7 8 9 10 12 14 17 18 31 37 39 40 42 45 50 51 53 55 56 59 71 72 86 88 90 94 96 99 109 115 124 125 126 128 129 130 131 134 137 139 140 141 144 145 148 149 151 154 -1
50 126 127 -1
51 51 59 64 -1
52 6 139 -1
53 1 6 9 12 28 37 40 46 60 85 90 102 105 112 114 132 138 140 143 144 145 148 152 -1
54 1 28 90 102 117 133 136 146 150 152 -1
55 51 149 -1
56 102 136 -1
57 55 79 114 142 -1
58 51 149 -1
59 1 3 4 6 7 9 12 18 24 27 31 35 40 45 51 59 71 75 85 86 90 94 99 109 111 113 114 115 117 120 126 137 140 145 148 149 153 156 157 158 159 160 162 164 165 167 168 169 170 174 175 176 -1
60 40 59 71 85 90 -1
61 9 12 51 90 147 163 165 -1
62 6 9 12 26 46 71 90 114 115 121 132 136 144 147 149 155 159 163 165 172 -1
63 64 80 85 90 114 117 125 147 163 166 171 172 -1
64 26 46 132 136 144 149 172 -1
65 85 90 125 161 -1
66 7 12 90 113 -1
67 40 85 -1
68 75 90 117 126 -1
69 1 6 7 12 14 17 23 37 39 40 51 59 70 71 77 81 109 113 114 124 127 147 161 165 175 177 178 179 186 189 191 197 -1
70 37 59 197 -1
71 51 165 -1
72 1 12 64 71 181 182 -1
73 6 9 14 26 40 51 114 117 123 147 148 161 163 172 183 185 187 188 192 193 194 196 -1
74 26 28 78 117 180 190 195 198 -1
75 117 148 -1
76 80 90 199 -1
77 6 53 114 168 171 -1
78 78 190 -1
79 78 190 -1
80 1 3 7 9 12 13 14 19 22 27 39 40 50 51 55 64 66 70 71 77 79 86 90 94 107 109 114 123 130 137 149 165 167 179 183 186 189 200 206 207 209 210 213 -1
81 12 66 71 -1
82 9 14 51 90 148 165 -1
83 19 44 71 179 186 189 200 201 205 -1
84 9 12 14 26 35 40 51 114 123 132 147 161 172 194 202 203 214 218 -1
85 117 179 -1
86 26 161 165 -1
87 78 204 208 212 -1
88 56 146 -1
89 79 215 216 -1
90 1 2 3 5 6 7 9 11 12 18 19 30 33 35 40 51 60 64 71 72 85 94 100 109 111 113 114 115 123 127 132 135 137 142 147 161 165 167 170 179 186 206 214 217 219 221 222 223 224 226 227 228 230 231 232 233 234 235 238 240 241 243 244 245 -1
91 7 35 40 51 85 123 158 165 179 -1
92 52 163 230 239 -1
93 14 86 179 219 -1
94 7 14 31 51 112 114 117 130 132 147 154 155 161 165 185 214 242 248 -1
95 14 184 220 237 246 -1
96 132 196 -1
97 211 225 -1
98 2 60 111 137 157 227 236 240 241 247 -1
99 130 147 -1
100 5 7 9 12 18 22 26 35 39 49 51 66 71 93 107 109 111 113 120 127 137 158 168 179 182 186 188 227 243 244 252 256 261 265 266 269 270 272 273 -1
101 51 71 158 179 249 270 -1
102 9 214 264 -1
103 66 179 244 265 -1
104 7 9 26 45 46 51 112 114 117 168 179 203 214 249 253 258 260 264 266 274 -1
105 46 117 171 254 255 259 263 267 268 -1
106 39 179 -1
107 67 263 -1
108 183 250 263 -1
109 46 117 255 -1
110 7 9 23 35 49 59 64 70 71 72 86 94 96 109 111 113 114 123 127 137 149 158 166 168 179 182 187 230 243 244 245 261 262 273 276 277 279 280 281 284 287 288 292 293 294 298 301 302 307 309 310 -1
111 26 64 290 291 -1
112 12 123 -1
113 165 203 276 -1
114 71 86 94 127 179 282 297 -1
115 7 9 26 41 86 112 114 147 148 149 163 165 168 179 180 185 266 271 275 276 279 283 286 289 305 309 310 -1
116 114 117 149 203 204 257 271 285 299 308 -1
117 26 163 286 289 -1
118 271 302 303 304 -1
119 85 276 -1
120 77 295 300 -1
121 2 7 9 12 14 17 24 35 37 39 51 60 71 94 109 111 114 127 132 137 155 158 165 177 179 182 189 205 222 228 269 271 273 277 279 284 290 296 303 311 312 315 317 318 320 323 324 327 328 330 331 334 335 336 338 344 345 -1
122 7 9 51 132 165 179 284 340 -1
123 7 165 -1
124 179 228 294 302 322 -1
125 9 12 14 24 26 39 51 56 64 71 111 114 117 132 136 165 168 179 203 214 271 276 289 306 313 316 318 325 326 329 332 339 -1
126 6 117 136 184 251 271 318 319 333 337 -1
127 132 276 -1
128 14 319 321 -1
129 136 333 -1
130 1 4 6 9 12 14 18 19 23 27 39 40 41 51 66 71 86 94 96 103 109 111 113 114 127 130 137 145 158 163 179 189 222 261 262 265 266 272 279 284 289 307 314 316 323 327 334 335 342 343 347 350 357 358 359 361 362 363 365 371 379 380 -1
131 9 39 40 90 109 165 363 364 -1
132 88 165 374 -1
133 29 71 361 -1
134 39 85 90 203 271 272 283 289 290 331 348 351 352 353 356 359 369 -1
135 14 56 117 259 263 271 299 302 341 342 346 348 351 354 355 356 370 372 373 375 -1
136 26 271 351 373 377 -1
137 83 117 253 263 299 337 367 368 381 -1
138 341 381 -1
139 14 79 112 113 155 171 261 357 -1
140 37 109 -1
141 83 166 263 356 367 368 370 -1
142 14 71 90 100 119 306 349 360 378 382 -1
143 14 356 372 373 375 377 -1
144 231 366 -1
145 12 14 18 31 42 47 50 51 57 59 77 79 85 94 111 113 115 123 130 137 140 141 159 165 179 197 222 230 244 245 273 277 278 282 284 302 311 314 334 335 348 358 364 367 368 383 385 386 391 394 395 396 399 404 405 407 -1
146 51 94 165 387 393 -1
147 132 165 -1
148 137 179 284 -1
149 21 42 79 90 121 123 165 185 278 311 313 334 348 356 359 377 384 387 392 401 406 408 -1
150 83 84 85 154 247 368 373 377 381 385 400 -1
151 397 398 -1
152 117 126 159 166 368 381 385 400 -1
153 154 263 368 390 402 403 -1
154 39 262 388 -1
155 84 373 -1
156 295 303 -1
157 1 3 6 7 9 10 12 13 14 17 18 19 22 24 27 28 29 30 31 32 33 35 36 37 39 40 41 42 43 45 47 48 49 50 51 53 55 57 59 60 61 62 63 64 66 68 69 70 71 72 73 74 75 76 77 -1
158 12 18 22 59 74 -1
159 6 62 -1
160 7 14 17 18 26 38 44 45 46 52 56 57 63 65 -1
161 28 34 54 67 -1
162 21 38 46 -1
163 19 25 -1
164 7 43 -1
165 6 58 67 -1
166 1 3 4 5 6 7 8 9 11 12 14 17 18 19 22 23 24 29 31 35 37 39 40 44 45 50 51 55 63 71 75 77 79 85 86 87 88 89 90 91 92 93 94 95 96 97 101 103 104 107 108 109 110 111 113 114 115 116 117 -1
167 6 7 12 -1
168 7 15 24 40 51 71 90 99 101 103 -1
169 7 12 102 -1
170 14 41 -1
171 6 44 86 -1
172 6 7 14 21 24 82 84 85 90 94 102 105 107 112 -1
173 2 12 21 53 80 81 83 85 90 98 102 103 -1
174 15 51 85 -1
175 2 12 80 81 83 -1
176 92 95 114 -1
177 78 102 -1
178 100 103 106 -1
179 19 101 -1
180 1 2 3 5 6 7 8 9 12 17 18 31 35 37 39 42 48 50 51 53 55 56 59 64 70 71 72 77 86 88 90 94 96 99 101 115 118 120 122 123 124 125 126 127 128 129 130 131 134 135 137 139 140 141 144 145 148 149 153 154 156 157 158 159 -1
181 121 126 127 -1
182 51 59 64 -1
183 12 147 -1
184 6 39 71 139 -1
185 1 6 9 12 31 37 40 46 51 60 85 90 94 102 105 112 114 115 119 132 138 140 143 144 145 148 152 155 159 -1
186 1 28 85 90 102 106 117 133 136 146 150 152 -1
187 51 149 -1
188 90 102 136 -1
189 55 79 114 142 -1
190 51 149 -1
191 90 117 -1
192 1 3 6 7 9 12 17 24 27 35 40 51 59 71 75 85 86 88 90 94 99 109 111 113 114 115 117 126 137 140 145 148 149 160 162 163 164 165 167 168 169 170 174 175 176 177 178 179 -1
193 7 40 59 71 85 90 -1
194 9 51 90 163 165 -1
195 12 64 181 -1
196 9 12 26 71 90 114 121 132 136 144 147 149 161 163 165 172 -1
197 28 64 80 90 114 117 125 147 163 166 171 172 180 -1
198 26 46 132 136 144 149 172 -1
199 90 125 161 -1
200 7 12 53 90 113 168 -1
201 40 85 -1
202 75 90 117 126 -1
203 5 6 7 9 12 14 17 19 23 37 39 40 50 51 59 64 71 77 79 81 94 109 113 114 123 147 165 167 175 178 179 182 183 186 189 191 197 -1
204 37 197 -1
205 9 14 51 165 -1
206 1 71 182 186 189 200 201 -1
207 6 9 14 26 40 46 51 117 123 147 148 161 163 168 183 185 187 188 192 193 194 196 202 203 -1
208 6 26 78 117 179 184 190 195 198 -1
209 117 148 196 -1
210 199 204 -1
211 56 195 -1
212 6 79 114 171 -1
213 78 190 -1
214 78 190 -1
215 1 4 6 7 9 12 16 17 19 22 27 30 33 35 39 40 51 66 70 71 85 86 90 94 100 107 109 114 123 127 130 137 147 149 158 165 167 179 186 200 206 207 209 210 213 219 221 222 223 224 226 227 230 -1
216 12 35 40 66 71 85 123 158 -1
217 51 90 148 165 -1
218 14 19 179 205 219 -1
219 12 14 26 51 112 114 117 123 130 132 147 154 161 165 172 194 214 218 -1
220 14 117 179 220 -1
221 26 161 165 -1
222 78 208 212 -1
223 211 225 -1
224 215 227 -1
225 130 147 -1
226 3 5 6 7 9 12 14 18 19 22 39 51 60 64 66 71 72 93 94 107 109 111 113 114 115 120 132 137 142 147 161 165 167 170 179 206 214 226 227 228 231 232 233 234 235 238 240 241 243 244 245 252 256 261 -1
227 7 51 165 179 249 -1
228 9 52 163 230 239 -1
229 66 137 179 244 -1
230 7 9 51 112 114 117 132 147 155 161 179 214 242 248 249 253 258 -1
231 46 237 246 251 254 255 257 259 -1
232 2 39 60 111 137 157 179 236 240 241 247 262 -1
233 223 261 -1
234 46 255 -1
235 2 7 9 12 18 22 23 26 32 35 49 59 71 86 94 109 123 127 137 158 168 179 182 186 187 188 227 230 243 244 262 265 266 269 270 272 273 277 280 281 284 287 -1
236 26 290 -1
237 71 123 158 179 270 -1
238 214 264 -1
239 179 265 282 -1
240 7 26 35 41 46 86 112 147 148 165 168 179 180 185 203 214 260 264 266 274 275 278 279 286 289 -1
241 117 171 203 267 268 271 285 -1
242 26 286 -1
243 85 183 276 -1
244 4 6 7 9 10 12 14 19 24 39 59 60 71 72 94 109 111 114 127 137 149 161 165 168 177 179 182 205 228 244 245 261 271 273 276 279 284 287 288 292 293 294 296 298 301 302 303 307 309 310 311 312 314 315 317 320 -1
245 64 291 -1
246 9 12 132 -1
247 165 203 276 -1
248 6 20 -1
249 19 71 86 94 127 179 294 297 302 322 -1
250 9 12 24 26 114 149 163 168 271 276 283 289 305 306 309 310 313 316 318 -1
251 114 117 136 149 204 271 299 308 318 319 -1
252 132 163 276 289 -1
253 271 302 303 304 319 321 -1
254 77 144 295 300 -1
255 7 9 14 23 24 37 39 40 51 66 71 72 77 94 109 111 127 132 137 145 155 158 165 179 189 200 217 222 228 262 265 269 273 277 279 284 289 290 314 316 318 323 324 327 328 330 331 334 335 336 338 342 343 344 345 347 350 -1
256 51 165 179 284 340 -1
257 51 88 165 -1
258 29 179 228 -1
259 14 26 39 51 56 64 71 90 111 114 117 132 136 165 179 203 214 271 272 289 325 326 329 332 339 348 351 353 -1
260 117 136 184 271 333 337 341 346 351 -1
261 132 351 -1
262 14 117 -1
263 136 166 263 333 -1
264 71 119 271 349 -1
265 46 117 -1
266 1 2 6 7 9 12 14 15 19 23 27 39 40 71 86 103 109 113 114 127 130 137 140 179 189 222 261 266 272 279 284 307 323 327 335 357 358 359 361 362 363 364 365 371 379 -1
267 9 40 109 165 363 364 -1
268 71 361 -1
269 85 90 271 283 290 331 359 369 -1
270 14 56 259 263 299 302 348 354 355 356 370 372 373 375 -1
271 26 271 377 -1
272 83 263 299 337 367 368 -1
273 14 79 113 155 171 261 357 -1
274 37 109 -1
275 83 356 367 368 370 -1
276 14 90 100 119 306 360 378 -1
277 14 356 372 375 377 -1
278 8 39 47 51 59 66 94 96 109 111 115 123 127 130 137 151 158 165 166 222 230 273 277 284 302 311 314 318 334 335 358 368 380 383 385 386 -1
279 39 51 90 94 165 387 -1
280 179 284 -1
281 21 28 39 90 123 165 185 271 311 352 356 384 387 -1
282 14 85 117 154 263 271 342 356 377 385 -1
283 26 373 -1
284 85 166 253 381 -1
285 154 381 390 -1
286 112 388 -1
287 263 382 -1
288 1 4 5 6 7 9 12 14 16 17 18 19 22 23 24 27 28 29 30 31 32 33 35 36 37 39 40 41 42 43 47 48 49 50 51 53 55 57 59 60 61 62 63 64 66 -1
289 7 22 59 -1
290 14 41 -1
291 19 62 -1
292 7 14 17 18 26 38 44 45 46 52 56 57 65 -1
293 28 34 54 67 -1
294 38 46 -1
295 19 25 -1
296 7 43 -1
297 58 67 -1
298 1 3 6 7 9 10 12 13 14 15 17 18 24 27 31 35 37 39 40 44 45 63 68 69 70 71 72 73 75 76 77 79 85 86 87 88 89 91 93 94 95 96 97 99 -1
299 6 7 12 -1
300 7 12 15 18 24 51 71 74 99 -1
301 6 44 86 -1
302 6 7 24 63 82 84 85 94 -1
303 2 12 80 81 83 85 90 98 -1
304 15 51 85 -1
305 2 12 80 81 83 -1
306 7 92 -1
307 1 2 3 6 7 8 9 12 14 18 19 22 31 42 48 50 51 53 55 64 70 71 75 77 86 88 90 92 94 96 99 101 103 104 107 108 109 110 111 113 114 115 116 117 118 120 123 124 125 126 127 128 129 130 131 134 135 -1
308 121 127 -1
309 51 90 101 103 -1
310 12 102 -1
311 39 71 -1
312 12 14 21 40 51 90 94 102 105 107 112 114 115 119 132 -1
313 12 14 53 102 103 106 133 -1
314 79 95 114 -1
315 6 102 -1
316 100 103 106 -1
317 19 101 -1
318 4 6 7 9 17 35 37 39 40 42 51 55 59 71 72 86 88 90 96 99 109 115 137 139 140 141 144 145 148 149 151 153 154 -1
319 51 59 64 -1
320 6 139 -1
321 1 6 9 31 37 46 60 85 90 102 105 115 138 140 143 144 145 148 152 -1
322 1 28 85 90 102 117 136 146 150 152 -1
323 51 149 -1
324 90 136 -1
325 55 142 -1
326 51 149 -1
327 1 3 4 5 6 7 8 9 10 12 24 31 40 51 59 71 75 85 90 109 111 113 114 115 117 126 137 140 148 149 156 157 158 159 160 162 163 164 165 167 168 169 170 -1
328 40 59 85 -1
329 9 51 90 147 163 165 -1
330 6 9 28 90 114 121 132 136 147 155 159 163 165 -1
331 64 80 85 90 114 117 125 147 163 166 171 -1
332 85 90 125 161 -1
333 12 90 113 -1
334 40 85 -1
335 75 90 117 126 -1
336 1 2 6 7 9 10 12 17 35 40 51 59 71 86 90 94 109 113 122 140 145 174 175 176 177 178 179 186 189 -1
337 71 90 -1
338 12 64 71 181 182 -1
339 6 12 26 46 51 71 90 123 132 144 147 148 149 161 168 172 183 185 187 188 -1
340 6 28 78 117 172 180 184 190 -1
341 26 46 132 136 144 149 172 -1
342 53 114 168 -1
343 78 190 -1
344 1 6 7 9 12 14 17 18 19 22 23 27 37 39 40 51 64 71 77 81 94 109 114 123 137 147 161 165 167 175 179 183 186 189 191 197 206 207 -1
345 9 165 -1
346 1 19 71 186 189 200 201 205 -1
347 9 14 26 35 40 51 114 117 132 147 148 154 161 163 172 193 194 196 202 203 -1
348 26 179 195 198 -1
349 21 117 148 161 196 -1
350 78 199 204 208 -1
351 56 195 -1
352 114 171 -1
353 1 7 9 12 14 27 30 33 35 40 45 50 51 56 66 70 71 77 79 85 86 94 107 109 123 127 130 137 149 158 165 167 179 182 186 200 206 209 210 213 217 219 221 222 223 224 226 227 -1
354 12 35 37 40 66 71 85 123 158 -1
355 14 51 90 148 165 -1
356 14 179 186 219 -1
357 12 14 26 51 112 114 117 123 130 147 165 172 214 218 -1
358 14 117 179 220 -1
359 26 165 -1
360 79 215 227 -1
361 130 147 -1
362 2 3 6 7 9 11 12 18 19 51 60 64 66 71 72 94 100 109 111 113 114 115 123 132 137 142 147 161 165 167 170 179 206 214 226 227 228 230 231 232 233 234 235 238 240 241 243 244 245 -1
363 7 51 165 179 249 -1
364 7 9 52 163 230 239 -1
365 66 137 179 244 -1
366 7 9 51 132 147 155 161 179 192 214 242 248 249 -1
367 237 246 251 -1
368 2 6 60 111 137 157 179 236 240 241 247 -1
369 5 7 12 14 17 18 22 23 26 35 39 51 71 86 90 93 94 107 109 111 113 120 127 137 148 158 168 179 182 186 187 188 227 243 244 252 256 261 262 265 266 269 270 272 273 277 -1
370 71 158 179 270 -1
371 214 264 -1
372 179 265 -1
373 26 41 46 86 112 114 117 148 168 179 203 214 253 258 260 264 266 274 275 278 279 -1
374 46 117 171 254 255 257 259 263 267 268 271 -1
375 39 262 -1
376 183 263 276 -1
377 46 117 255 -1
378 1 5 7 8 9 19 35 49 59 71 72 94 111 114 123 127 149 166 168 179 182 230 243 244 245 261 273 279 280 281 284 287 288 292 293 294 296 298 301 302 -1
379 26 64 290 291 -1
380 165 203 276 -1
381 94 179 282 294 -1
382 7 26 114 147 149 165 168 179 180 185 276 283 286 289 306 -1
383 114 117 149 203 271 285 299 -1
384 26 286 -1
385 302 303 304 -1
386 77 295 300 -1
387 7 9 12 14 24 39 60 71 74 94 109 111 114 127 132 137 149 155 158 165 177 179 205 222 228 243 261 269 271 273 276 279 284 290 303 307 309 310 311 312 314 315 317 318 320 323 324 327 328 330 331 334 -1
388 9 12 132 179 -1
389 71 86 127 297 302 322 -1
390 9 12 24 26 56 111 112 114 163 165 168 203 214 271 276 289 305 309 310 313 316 318 325 326 329 332 -1
391 21 117 136 204 308 318 319 333 -1
392 132 163 276 289 -1
393 14 271 319 321 -1
394 136 333 -1
395 1 3 6 7 9 10 12 14 17 18 19 22 27 29 31 37 40 41 43 45 50 53 55 57 59 61 62 63 64 66 68 69 70 71 72 73 74 75 77 79 86 87 89 91 -1
396 12 18 59 71 74 -1
397 14 41 -1
398 6 44 62 86 -1
399 6 7 18 45 56 63 65 82 84 85 -1
400 2 12 67 80 81 83 85 90 -1
401 2 12 19 80 81 83 -1
402 58 67 78 -1
403 1 2 3 6 7 9 12 14 17 18 19 24 31 35 39 40 44 45 48 50 51 55 63 75 77 85 86 88 90 92 93 94 95 96 97 99 101 103 104 108 109 110 111 113 114 115 116 117 118 120 122 -1
404 6 7 12 121 -1
405 7 15 24 40 51 90 99 101 103 -1
406 12 102 -1
407 7 12 14 24 26 46 51 90 94 102 105 107 112 115 119 -1
408 12 53 98 102 103 106 -1
409 15 46 51 -1
410 92 95 114 -1
411 100 103 106 -1
412 19 101 -1
413 1 2 3 6 7 8 9 12 14 17 18 31 32 35 37 39 42 50 51 55 56 59 64 70 71 72 86 88 90 94 96 99 115 123 124 125 126 127 128 129 130 131 134 135 137 139 140 141 144 145 148 149 -1
414 126 127 -1
415 51 59 -1
416 6 39 71 139 -1
417 6 9 12 37 40 60 90 105 114 115 132 138 140 143 144 145 148 -1
418 14 90 102 117 133 136 146 150 -1
419 51 149 -1
420 90 102 136 -1
421 55 79 114 142 -1
422 51 149 -1
423 3 6 7 9 12 15 18 22 24 31 35 40 43 51 53 59 71 76 90 99 109 111 114 115 117 126 137 140 148 151 153 154 156 157 158 159 160 162 163 164 165 167 168 169 170 -1
424 40 59 64 -1
425 9 51 147 163 165 -1
426 1 6 9 28 31 85 90 102 114 121 132 136 147 152 155 159 163 165 -1
427 1 28 85 90 102 114 117 125 152 163 166 -1
428 132 136 -1
429 85 90 125 161 -1
430 12 90 113 -1
431 90 117 -1
432 90 126 -1
433 6 7 9 12 14 17 24 27 35 36 37 40 51 59 71 75 85 86 88 90 109 113 145 174 175 176 177 178 179 186 189 191 -1
434 40 59 71 85 90 -1
435 51 90 163 -1
436 12 64 71 181 182 -1
437 6 12 17 26 46 51 71 90 114 123 132 144 147 148 149 161 168 172 183 187 188 -1
438 6 28 64 80 90 117 147 171 172 180 184 190 -1
439 26 46 132 144 149 172 -1
440 53 168 -1
441 78 190 -1
442 40 85 -1
443 75 117 -1
444 78 190 -1
445 6 7 9 12 14 17 19 23 32 35 37 39 40 42 47 51 59 60 71 77 81 94 109 113 114 147 161 167 175 179 182 183 186 189 197 -1
446 7 37 197 -1
447 9 14 165 -1
448 19 71 186 189 200 -1
449 9 14 21 26 35 40 44 46 114 117 148 163 192 193 194 196 -1
450 21 26 78 90 195 198 -1
451 117 148 196 -1
452 25 199 -1
453 56 195 -1
454 6 114 171 -1
455 1 4 5 6 7 9 10 12 13 14 22 27 30 35 39 40 50 51 64 66 70 71 77 79 85 86 94 107 109 114 123 127 130 137 149 158 165 179 186 200 206 207 209 210 213 217 219 221 222 223 224 226 227 -1
456 12 40 66 71 85 123 158 -1
457 51 90 148 165 -1
458 1 14 179 186 201 205 219 -1
459 12 26 40 45 51 57 114 117 123 130 132 147 154 161 165 172 194 202 203 214 218 -1
460 14 117 179 220 -1
461 26 38 161 165 -1
462 78 204 208 212 -1
463 211 225 -1
464 114 215 216 -1
465 130 147 -1
466 1 2 3 5 6 7 8 9 12 14 18 19 22 23 27 33 36 40 51 60 66 71 72 94 100 109 111 113 114 115 123 132 137 142 147 161 165 167 170 179 206 214 226 227 228 230 231 232 233 234 235 238 240 241 243 244 245 252 -1
467 7 35 51 165 179 249 -1
468 9 52 163 230 239 -1
469 66 137 179 244 -1
470 7 9 14 26 51 112 114 132 147 155 161 179 214 242 248 249 253 -1
471 46 117 237 246 251 254 255 -1
472 2 60 111 137 157 227 236 240 241 247 -1
473 46 255 -1
474 3 4 6 7 9 12 14 18 19 22 23 26 27 29 33 35 39 51 64 71 86 93 94 107 109 111 115 120 123 127 137 149 158 168 179 182 186 187 227 230 243 244 256 261 262 265 266 269 270 272 273 277 280 281 -1
475 71 158 179 270 -1
476 214 264 -1
477 19 265 -1
478 7 26 38 41 46 52 86 112 117 147 148 165 168 179 185 203 214 258 260 264 266 274 275 278 279 -1
479 28 34 117 171 257 259 263 267 268 271 -1
480 28 257 -1
481 39 43 179 262 -1
482 85 183 263 276 -1
483 1 7 9 16 18 28 30 37 40 41 49 50 59 71 72 94 109 114 127 137 149 166 168 175 179 182 244 245 261 273 279 284 287 288 292 293 294 296 298 301 302 307 -1
484 26 64 290 291 -1
485 22 40 123 -1
486 165 203 276 -1
487 86 94 127 179 282 294 297 -1
488 9 26 112 114 149 163 168 180 185 271 276 283 286 289 305 -1
489 114 117 149 203 204 271 285 299 308 -1
490 26 163 286 -1
491 271 302 303 304 -1
492 7 79 -1
493 77 295 300 -1
494 9 11 12 14 18 24 35 39 59 60 71 94 109 111 114 127 132 137 155 158 165 177 179 188 205 222 228 269 271 273 276 279 284 290 303 309 310 311 312 314 315 317 318 320 323 327 328 330 331 334 335 -1
495 9 12 132 179 -1
496 71 302 322 -1
497 9 12 14 24 26 56 111 114 165 168 203 214 271 276 306 309 310 313 316 318 325 326 329 332 -1
498 117 318 319 333 337 -1
499 21 132 276 289 -1
500 14 319 321 -1
501 136 333 -1
502 1 5 6 7 8 12 14 22 24 31 37 39 48 49 51 66 71 86 94 109 111 137 140 145 179 189 222 262 265 272 273 277 279 284 289 307 316 324 327 334 335 336 338 342 343 344 345 347 350 357 358 -1
503 51 109 165 284 340 -1
504 7 88 165 -1
505 29 179 228 -1
506 7 39 51 64 71 117 132 136 165 179 185 203 272 289 290 339 348 351 352 353 359 -1
507 34 54 56 117 136 184 263 271 299 341 346 348 351 354 355 356 -1
508 132 351 -1
509 117 263 299 -1
510 166 263 356 -1
511 14 71 119 306 349 -1
512 1 3 6 7 9 10 12 13 14 17 18 19 22 24 27 31 35 37 39 40 44 45 50 57 59 62 63 64 66 68 69 70 71 72 73 74 75 76 77 86 87 88 89 91 93 94 95 -1
513 7 12 18 24 51 71 74 -1
514 6 44 62 86 -1
515 6 7 14 18 24 26 45 56 63 65 82 84 85 94 -1
516 2 12 34 54 67 80 81 83 85 90 -1
517 15 21 46 51 85 -1
518 2 12 80 81 83 -1
519 7 92 -1
520 67 78 -1
521 1 3 4 6 7 9 12 14 18 19 23 29 35 40 48 50 51 55 61 75 77 79 85 86 88 90 92 94 96 97 101 103 104 107 108 109 110 111 113 114 115 116 117 118 120 122 -1
522 6 7 12 121 -1
523 15 40 51 71 90 99 101 103 -1
524 7 12 102 -1
525 12 14 21 56 90 94 102 105 107 112 115 -1
526 12 53 98 102 103 106 -1
527 43 95 114 -1
528 100 103 106 -1
529 19 101 -1
530 1 2 3 4 6 7 8 9 12 15 17 18 22 31 35 37 39 42 43 50 51 53 55 56 64 70 71 72 86 88 90 94 96 99 123 124 125 126 127 128 129 130 131 134 135 137 139 140 141 144 145 148 149 -1
531 126 127 -1
532 7 51 64 -1
533 12 51 -1
534 6 39 71 139 -1
535 12 26 37 40 45 51 60 90 112 114 132 138 140 143 144 145 148 -1
536 14 90 102 117 133 136 146 -1
537 51 149 -1
538 90 102 136 -1
539 79 114 142 -1
540 51 149 -1
541 1 3 6 7 9 12 14 22 23 31 40 48 49 51 55 59 63 71 86 90 96 99 109 111 115 126 140 148 151 154 156 157 158 160 162 -1
542 51 59 -1
543 9 51 147 163 -1
544 1 6 9 28 38 46 52 85 90 102 114 115 119 136 144 147 148 152 155 159 163 165 -1
545 1 28 85 90 102 114 117 125 150 152 163 166 -1
546 85 90 125 161 -1
547 90 117 -1
548 90 117 126 -1
549 1 3 5 6 7 8 9 12 16 17 23 24 27 31 35 40 51 59 71 75 85 86 90 94 109 113 114 115 137 140 145 149 159 163 165 167 168 169 170 174 175 176 177 178 179 -1
550 40 59 71 85 90 -1
551 51 90 163 165 -1
552 12 26 31 46 51 71 90 114 121 132 144 149 161 172 -1
553 21 28 64 80 117 147 171 172 180 -1
554 26 46 132 144 149 172 -1
555 25 90 -1
556 7 12 90 113 168 -1
557 40 85 -1
558 6 7 10 12 14 17 22 28 30 31 37 39 40 41 43 51 59 60 71 77 109 113 114 153 161 175 178 179 182 186 189 191 197 -1
559 37 197 -1
560 12 71 181 182 -1
561 6 9 14 26 35 40 46 51 117 123 147 148 161 163 168 183 185 187 192 194 196 -1
562 6 78 85 90 184 190 195 -1
563 117 148 196 -1
564 53 114 171 -1
565 78 190 -1
566 78 190 -1
567 1 6 7 9 12 14 17 18 19 22 23 27 31 37 39 40 41 42 47 50 53 71 79 81 94 109 114 123 137 147 165 167 179 183 186 189 197 206 207 209 -1
568 9 14 165 -1
569 1 19 71 186 189 200 201 205 -1
570 7 9 14 26 40 51 114 147 148 154 161 193 194 202 203 -1
571 26 179 198 -1
572 78 199 204 208 -1
573 1 7 9 11 12 14 22 27 30 35 36 40 50 51 64 66 70 71 77 86 94 107 109 123 127 130 137 149 165 179 186 200 210 213 217 219 221 -1
574 12 35 40 66 71 123 -1
575 51 90 148 165 -1
576 14 179 186 219 -1
577 12 26 44 51 117 123 132 161 165 172 214 218 -1
578 14 117 179 220 -1
579 26 38 161 165 -1
580 28 211 -1
581 215 216 -1
582 6 7 9 12 14 19 27 29 33 35 36 37 40 64 71 72 85 94 100 109 113 123 137 147 158 164 167 179 186 206 222 223 224 226 227 228 230 231 232 233 234 235 -1
583 7 22 40 85 158 -1
584 7 14 17 57 112 114 130 147 214 -1
585 28 237 -1
586 227 236 -1
587 22 223 -1
588 130 147 -1
589 2 3 5 6 7 8 9 12 18 19 22 32 51 60 66 71 93 94 107 109 111 113 114 115 120 132 137 142 161 165 167 168 170 179 206 214 238 240 241 243 244 245 252 256 261 -1
590 51 179 249 -1
591 9 52 230 239 -1
592 66 137 179 244 -1
593 9 51 112 114 117 132 147 155 161 179 188 214 242 248 249 253 258 260 -1
594 46 117 246 251 254 255 257 259 263 -1
595 2 6 39 60 111 137 157 179 240 241 247 262 -1
596 183 250 263 -1
597 46 117 255 -1
598 1 7 9 12 14 23 26 35 39 49 51 59 71 72 86 94 109 111 117 123 127 137 158 179 182 186 187 227 230 243 244 262 265 266 269 270 272 273 277 280 281 284 287 288 292 293 294 296 -1
599 26 290 -1
600 59 71 123 158 179 270 -1
601 203 214 264 -1
602 19 179 265 282 294 -1
603 7 26 41 46 86 112 147 148 165 168 179 180 185 203 214 264 266 274 275 278 279 283 286 289 -1
604 117 171 203 267 268 285 -1
605 26 286 -1
606 6 263 -1
607 85 276 -1
608 2 4 6 7 9 12 14 24 32 37 59 71 72 94 96 109 114 127 137 149 165 166 168 179 182 188 205 244 245 261 271 273 276 279 284 287 293 298 301 302 303 307 309 310 311 312 314 315 -1
609 64 291 -1
610 9 12 165 -1
611 165 276 -1
612 71 86 94 127 179 297 -1
613 7 9 12 24 26 105 114 149 163 168 271 276 289 305 306 309 310 313 -1
614 114 117 149 204 271 299 308 -1
615 26 163 289 -1
616 271 302 303 304 -1
617 77 300 -1
618 1 3 6 7 9 10 12 14 18 22 27 31 35 37 40 44 45 50 51 59 63 69 70 71 72 73 74 75 76 79 86 87 88 89 91 -1
619 7 12 18 71 74 -1
620 6 44 62 86 -1
621 6 7 52 56 82 84 85 -1
622 2 12 67 80 81 83 85 90 -1
623 2 12 25 80 81 83 -1
624 58 67 78 -1
625 1 3 6 7 9 12 14 17 18 19 24 31 35 36 37 39 40 45 47 51 55 63 66 75 77 88 90 92 93 94 95 96 97 101 103 104 108 109 110 111 -1
626 6 7 12 -1
627 7 15 24 40 51 90 99 101 103 -1
628 24 102 105 107 -1
629 12 28 34 53 98 102 103 106 -1
630 15 46 51 -1
631 100 103 106 -1
632 19 101 -1
633 1 2 6 7 8 12 14 18 19 22 31 32 35 36 39 42 48 50 53 56 70 71 77 86 90 94 96 99 107 113 114 115 116 117 118 120 122 123 124 125 126 127 128 129 131 134 135 -1
634 121 126 127 -1
635 12 102 -1
636 39 71 -1
637 12 14 38 40 51 90 94 112 114 115 119 132 -1
638 14 21 90 102 133 136 -1
639 102 136 -1
640 79 95 114 -1
641 3 5 6 7 9 17 18 23 24 31 35 37 40 42 50 51 55 59 71 72 86 88 90 96 99 109 115 137 139 140 141 144 145 148 149 151 153 154 156 157 -1
642 51 59 64 -1
643 6 86 139 -1
644 1 6 28 31 37 46 60 85 90 102 105 115 138 140 143 144 145 148 155 -1
645 1 28 54 85 90 102 117 136 150 152 -1
646 51 149 -1
647 55 142 -1
648 51 149 -1
649 90 117 -1
650 3 6 7 9 12 24 31 37 40 51 59 71 75 85 90 109 111 113 114 115 117 126 130 137 140 148 149 158 159 160 162 163 165 167 168 169 170 -1
651 40 59 85 -1
652 7 9 51 90 147 163 165 -1
653 9 21 90 114 121 132 136 147 152 159 163 165 -1
654 80 85 90 114 117 125 147 163 166 171 172 -1
655 132 136 -1
656 19 85 90 125 161 -1
657 12 90 113 -1
658 40 85 -1
659 75 117 126 -1
660 1 4 6 7 9 10 12 17 23 27 30 32 35 40 51 59 64 71 86 90 94 109 113 140 145 174 175 176 177 178 179 -1
661 40 59 71 90 -1
662 12 64 181 182 -1
663 6 7 12 17 26 44 46 51 71 90 114 132 144 147 148 149 161 168 172 183 185 -1
664 6 28 64 117 180 184 -1
665 26 46 132 144 149 172 -1
666 53 168 -1
667 1 6 7 9 12 14 17 19 23 29 37 39 40 41 51 71 77 81 109 114 147 161 167 175 179 182 183 186 189 191 197 -1
668 37 197 -1
669 1 71 186 189 200 -1
670 6 9 14 26 35 40 51 117 123 148 163 187 188 192 193 194 196 -1
671 26 78 190 195 198 -1
672 117 148 196 -1
673 56 195 -1
674 6 114 171 -1
675 78 190 -1
676 78 190 -1
677 1 5 6 7 12 13 14 17 19 22 27 29 37 39 40 43 50 51 55 57 64 66 70 71 79 86 94 109 114 123 130 137 149 165 179 186 206 207 209 210 213 -1
678 12 22 66 71 123 -1
679 9 51 90 148 165 -1
680 19 71 179 186 201 205 -1
681 9 12 14 26 40 51 56 114 117 123 132 147 154 161 165 172 194 202 203 -1
682 117 179 -1
683 26 161 -1
684 78 90 204 208 212 -1
685 4 6 7 9 12 14 18 19 30 33 35 37 40 50 59 61 62 71 77 85 94 107 109 123 127 137 147 158 164 165 167 179 186 200 206 217 219 221 222 223 224 227 228 -1
686 35 40 59 85 123 158 -1
687 14 219 -1
688 9 14 26 45 112 114 130 147 214 218 -1
689 14 146 220 -1
690 215 216 227 -1
691 130 147 -1
692 1 2 3 5 6 7 9 10 11 12 14 17 18 22 27 29 35 42 43 50 51 60 64 66 71 72 94 107 109 111 113 114 115 132 137 142 161 165 167 170 179 206 214 226 227 230 231 232 233 234 235 238 240 241 243 244 245 252 256 -1
693 7 51 59 165 179 249 -1
694 9 52 163 230 239 -1
695 19 66 137 179 244 -1
696 7 9 51 114 132 147 155 161 179 214 242 248 249 258 -1
697 46 117 237 246 251 254 255 257 259 -1
698 2 60 111 137 157 236 240 241 247 -1
699 46 255 -1
700 1 4 6 12 14 18 19 22 23 26 35 39 48 59 60 71 77 86 93 94 100 109 111 120 127 137 158 168 179 182 186 187 188 226 227 243 244 261 262 265 266 269 270 272 273 277 -1
701 158 179 270 -1
702 214 264 -1
703 179 265 -1
704 26 46 51 57 63 65 86 112 117 148 168 179 203 214 253 260 264 266 274 275 279 -1
705 34 117 171 263 267 268 271 -1
706 7 39 114 179 262 -1
707 183 263 276 -1
708 6 7 9 12 14 15 16 18 19 27 28 33 35 39 41 49 50 59 68 71 72 94 111 123 127 149 166 168 179 182 230 243 244 245 261 273 280 281 284 287 288 292 293 294 296 298 301 302 -1
709 26 64 290 291 -1
710 71 123 -1
711 165 203 276 -1
712 94 127 179 282 294 297 -1
713 7 18 26 41 45 112 147 149 165 168 180 185 276 278 283 286 289 305 -1
714 117 149 203 271 285 299 -1
715 26 286 -1
716 271 302 303 304 -1
717 295 300 -1
718 1 3 6 7 9 10 12 14 17 18 19 22 24 28 31 32 35 37 39 40 44 45 50 57 63 71 72 74 75 76 77 79 86 87 88 89 91 93 94 95 -1
719 7 12 15 18 24 51 71 -1
720 6 44 86 -1
721 6 7 24 63 82 84 85 94 -1
722 2 12 80 81 83 85 90 -1
723 15 51 85 -1
724 2 12 80 81 83 -1
725 7 92 -1
726 1 3 6 7 9 12 14 18 19 22 32 35 37 40 43 45 48 50 55 59 71 72 73 75 77 85 86 88 90 92 94 96 97 99 101 103 107 108 109 110 111 113 114 115 116 117 118 120 122 -1
727 6 7 12 121 -1
728 7 40 90 99 101 103 -1
729 7 12 102 -1
730 12 14 18 45 46 51 57 90 94 102 107 112 115 119 -1
731 12 14 53 67 98 102 103 106 -1
732 95 114 -1
733 100 103 106 -1
734 19 101 -1
735 2 5 6 7 8 9 10 12 14 18 27 31 35 37 39 42 50 51 53 56 59 64 70 71 72 75 86 88 90 94 96 99 123 124 125 126 127 128 129 130 131 134 135 137 139 140 141 144 145 149 -1
736 126 127 -1
737 51 64 74 -1
738 12 51 -1
739 6 39 62 71 139 -1
740 6 12 37 38 40 60 90 105 112 114 132 138 140 143 144 145 148 -1
741 90 102 117 133 136 146 150 -1
742 51 149 -1
743 90 102 136 -1
744 7 79 114 142 -1
745 58 136 -1
746 51 149 -1
747 6 7 9 12 14 17 18 31 40 47 51 55 63 64 69 71 86 90 99 104 109 111 114 115 126 140 148 151 153 154 157 158 160 162 164 165 -1
748 51 59 -1
749 9 51 147 163 165 -1
750 1 6 9 26 28 31 46 56 85 90 102 114 115 121 132 136 147 152 155 163 165 -1
751 1 28 85 90 102 114 117 125 152 163 166 -1
752 25 85 90 125 161 -1
753 43 55 113 -1
754 90 117 -1
755 90 117 -1
756 1 2 3 4 5 6 7 9 10 12 16 17 18 22 23 24 27 29 35 40 49 51 55 59 60 62 63 66 70 71 75 85 86 90 94 109 113 117 137 140 145 149 159 163 169 170 174 175 176 177 178 -1
757 22 40 59 71 85 90 -1
758 51 90 163 -1
759 19 64 -1
760 12 21 26 46 71 90 114 132 144 149 159 161 172 -1
761 28 34 64 80 85 90 117 147 171 172 -1
762 21 26 46 132 144 149 172 -1
763 12 90 -1
764 40 85 -1
765 75 126 -1
766 6 7 9 12 14 17 22 23 31 33 37 39 40 41 51 59 71 77 81 109 113 114 161 175 179 182 186 191 197 -1
767 12 71 182 -1
768 6 9 14 26 35 40 45 51 117 147 148 161 168 183 185 187 188 192 193 196 -1
769 6 26 34 54 78 117 180 184 190 195 198 -1
770 117 148 196 -1
771 6 53 114 168 171 -1
772 67 78 190 -1
773 78 190 -1
774 3 4 7 9 11 12 19 22 37 40 43 50 59 64 71 79 94 109 114 123 137 147 165 167 178 179 186 189 206 207 209 210 -1
775 9 14 165 -1
776 1 19 71 186 189 200 201 205 -1
777 9 14 26 40 44 51 114 132 147 154 161 194 202 203 -1
778 21 117 179 -1
779 26 161 -1
780 204 208 -1
781 1 6 7 8 9 12 14 15 27 30 39 40 50 51 63 66 68 70 71 77 85 86 94 107 109 123 127 130 137 149 158 165 179 186 189 200 213 217 219 221 222 -1
782 12 37 40 66 71 85 123 158 -1
783 51 90 148 165 -1
784 14 179 219 -1
785 12 26 51 52 90 117 123 165 172 214 218 -1
786 14 220 -1
787 26 165 -1
788 78 212 -1
789 215 216 -1
790 1 2 3 6 7 9 12 13 14 19 23 33 35 37 51 60 64 71 72 94 109 111 113 114 123 132 137 147 161 165 167 170 179 183 186 197 206 214 222 223 224 226 227 230 231 233 235 238 240 241 -1
791 7 35 165 -1
792 163 230 239 -1
793 7 14 56 112 114 130 132 147 161 214 -1
794 179 237 -1
795 28 225 -1
796 2 60 111 137 157 227 236 240 241 -1
797 130 147 -1
798 5 6 7 9 12 18 22 27 30 50 51 61 66 71 94 100 107 109 111 113 115 120 137 142 179 227 232 234 243 244 245 252 256 261 -1
799 51 179 249 -1
800 9 51 52 -1
801 66 137 179 -1
802 7 9 51 65 105 112 114 147 155 163 179 214 242 248 249 253 258 260 -1
803 28 46 102 117 246 251 254 255 257 259 263 -1
804 179 247 262 -1
805 250 263 -1
806 46 117 255 -1
807 1 6 12 19 26 35 39 41 42 48 51 53 71 86 93 109 127 137 158 167 168 179 182 186 187 188 227 243 244 266 269 270 272 273 277 -1
808 71 158 179 270 -1
809 244 265 -1
810 26 41 46 86 117 168 179 203 214 264 266 274 -1
811 117 171 267 268 271 -1
812 183 276 -1
813 7 9 12 14 17 23 29 35 36 40 49 50 59 71 72 94 111 113 114 123 127 137 149 156 166 168 179 182 228 230 243 244 245 261 262 265 273 279 280 281 284 287 288 292 293 294 296 298 301 302 -1
814 26 64 290 291 -1
815 165 203 214 276 -1
816 86 94 127 179 181 282 294 297 -1
817 7 17 26 112 114 147 148 149 165 168 179 180 185 266 275 276 278 279 283 286 289 305 306 -1
818 114 117 149 203 271 285 299 -1
819 26 38 286 -1
820 19 271 302 303 304 -1
821 77 295 300 -1
822 1 9 12 14 35 39 40 51 71 77 96 109 111 113 114 115 123 127 130 137 140 158 167 189 222 230 261 273 284 293 302 311 314 334 335 347 357 358 359 368 379 380 383 386 391 -1
823 39 51 90 94 165 -1
824 163 165 374 -1
825 71 282 284 361 -1
826 21 26 39 90 165 185 271 311 331 334 356 384 387 392 -1
827 85 90 117 154 271 342 356 373 375 377 385 -1
828 271 373 -1
829 25 166 253 337 381 -1
830 154 381 -1
831 14 39 112 113 155 171 261 388 -1
832 37 109 -1
833 90 100 378 382 -1
834 373 375 377 -1
835 12 14 18 31 42 50 51 57 79 85 94 113 127 137 141 159 165 179 197 227 228 230 244 278 282 284 331 334 335 348 367 368 393 394 395 396 399 404 405 407 411 412 -1
836 7 9 71 165 239 393 412 -1
837 179 322 -1
838 42 121 165 283 313 331 332 356 359 373 401 406 407 408 -1
839 84 259 271 368 381 400 403 410 -1
840 397 398 -1
841 83 117 159 166 368 381 385 400 410 -1
842 263 368 390 402 403 -1
843 78 84 373 403 -1
844 295 303 366 -1
845 4 5 6 7 9 12 14 17 19 22 23 24 27 31 36 37 40 50 51 63 71 75 77 88 90 92 94 96 103 104 113 114 117 118 137 140 148 162 165 175 176 179 182 222 230 233 243 244 265 273 284 290 314 327 335 391 412 414 415 416 417 419 421 427 430 -1
846 12 24 36 51 71 103 218 230 273 387 391 -1
847 12 51 90 163 165 283 414 -1
848 27 41 -1
849 29 64 179 200 265 -1
850 6 7 12 14 26 36 37 38 46 51 57 85 90 100 102 114 121 132 148 152 161 165 171 172 218 233 260 331 348 356 381 401 402 414 420 424 425 427 429 -1
851 26 28 35 64 85 90 102 117 125 152 166 184 254 267 268 348 381 402 418 420 422 -1
852 26 84 121 165 172 194 331 348 381 401 420 428 -1
853 90 125 199 204 208 -1
854 7 55 92 262 -1
855 26 35 348 418 422 -1
856 171 267 348 381 413 -1
857 295 381 -1
858 1 2 3 4 5 6 7 8 9 10 11 12 13 14 16 17 18 19 22 23 24 26 27 28 29 30 31 32 33 35 36 37 39 40 41 42 43 44 45 49 50 51 53 55 57 59 60 63 64 66 68 69 70 71 72 73 74 75 76 77 79 84 85 86 88 90 93 94 96 99 101 103 107 108 109 110 111 113 114 115 118 120 122 123 124 125 126 127 130 132 134 135 137 139 140 141 142 145 147 148 149 153 154 155 157 158 159 160 161 163 164 165 166 167 168 169 170 174 175 176 177 178 179 182 183 186 188 189 191 197 200 205 206 209 213 219 221 222 224 226 227 228 232 235 238 239 240 241 243 244 245 252 256 261 262 265 266 269 270 271 272 273 276 277 278 279 281 284 287 288 289 290 292 293 294 296 298 301 302 303 307 309 310 312 314 315 316 317 318 320 323 324 327 328 330 331 334 335 336 338 343 344 345 350 357 358 362 363 364 365 371 386 388 393 403 421 426 429 433 434 437 442 443 444 447 449 452 453 456 458 -1
859 6 7 8 64 121 175 291 -1
860 7 9 12 15 22 35 37 40 51 59 64 66 71 74 85 90 99 109 123 132 165 179 197 249 270 284 364 439 443 -1
861 9 14 51 52 88 90 102 147 148 165 168 203 214 230 275 373 -1
862 6 19 39 44 62 71 86 94 127 137 160 179 186 189 201 205 219 228 244 294 297 302 -1
863 6 7 9 12 14 18 21 24 26 28 36 37 40 41 44 45 46 51 52 56 60 64 71 72 82 84 85 86 90 94 105 107 111 112 114 115 117 119 123 132 136 140 144 145 147 148 149 154 155 161 163 165 168 172 179 180 185 187 194 196 203 214 218 222 248 253 258 264 266 271 272 274 275 276 278 279 286 289 290 305 306 309 310 313 316 318 325 326 329 331 339 348 351 353 356 359 368 369 432 435 439 446 447 454 -1
864 1 2 6 14 21 26 28 34 40 46 53 54 56 67 78 81 83 85 90 102 106 114 117 136 147 149 163 171 179 180 198 203 204 220 221 237 247 255 259 263 271 285 299 302 308 318 333 337 341 346 348 351 354 355 356 370 372 407 420 423 431 432 438 441 450 -1
865 21 26 38 46 51 90 117 132 144 149 163 165 196 276 286 289 351 377 439 -1
866 2 14 19 78 80 81 83 85 102 117 126 136 161 212 263 271 299 303 304 321 348 367 368 445 448 451 457 -1
867 28 90 146 211 341 348 -1
868 2 6 7 12 39 43 60 79 90 95 111 113 114 137 142 157 168 179 215 216 227 236 240 241 247 262 357 -1
869 109 123 261 273 421 433 434 -1
870 6 67 78 136 263 423 -1
871 28 34 78 83 136 166 263 333 356 367 368 370 407 436 440 -1
872 14 40 71 85 100 103 147 183 271 276 349 360 -1
873 19 101 -1
874 46 90 117 255 -1
875 90 126 -1
876 14 114 133 263 356 372 -1
877 130 147 -1
878 77 144 229 300 -1
879 6 12 18 27 31 35 37 40 42 48 50 51 71 77 90 91 94 97 109 114 115 116 117 123 130 137 144 148 159 166 178 179 189 230 244 266 273 277 279 307 335 361 364 373 384 385 386 421 429 437 447 455 459 460 461 462 466 467 468 474 -1
880 37 40 51 363 384 -1
881 14 71 179 189 273 469 -1
882 1 14 26 46 51 65 79 94 102 138 147 149 161 166 193 202 356 381 437 463 472 -1
883 12 14 28 117 146 161 166 255 271 368 373 381 402 429 470 471 473 475 476 -1
884 26 46 51 121 132 356 381 478 -1
885 284 302 -1
886 79 114 -1
887 148 437 466 -1
888 166 381 -1
889 3 7 10 12 14 18 21 31 39 41 43 45 49 51 56 59 71 72 75 81 86 90 93 94 96 113 114 115 118 120 123 129 130 131 137 140 145 149 158 160 168 175 179 206 228 243 244 245 273 277 284 287 302 307 335 342 365 393 409 412 426 429 449 469 479 482 483 486 489 491 -1
890 368 465 483 484 -1
891 51 71 94 158 -1
892 368 464 -1
893 9 26 63 85 112 114 117 132 143 147 159 180 194 230 276 290 331 356 368 373 381 401 402 420 425 429 470 483 484 485 490 -1
894 133 184 195 271 319 348 381 470 477 483 487 -1
895 85 132 148 149 -1
896 28 51 90 166 319 470 471 480 481 483 -1
897 342 364 -1
898 373 381 483 487 488 -1
899 100 106 119 -1
900 271 460 483 -1
901 381 470 487 488 -1
902 1 7 9 10 12 15 16 17 23 24 35 39 47 51 55 59 64 66 70 71 72 89 90 92 94 95 96 99 109 113 114 115 123 127 128 130 137 147 149 151 165 167 179 182 207 222 227 228 273 284 307 363 365 393 398 401 421 452 493 497 499 500 502 505 506 508 509 510 -1
903 12 23 -1
904 7 18 51 165 383 398 505 -1
905 12 51 165 185 383 398 452 507 -1
906 1 6 12 16 66 181 -1
907 7 24 31 45 46 47 52 56 94 100 112 114 115 123 130 144 168 185 214 271 284 381 420 492 495 504 -1
908 56 90 98 103 114 190 251 257 271 274 295 381 409 420 483 494 495 496 -1
909 15 51 185 381 483 496 -1
910 251 480 483 494 -1
911 56 257 -1
912 53 114 179 -1
913 58 102 -1
914 480 483 -1
915 100 504 -1
916 7 409 -1
917 1 3 7 14 31 37 40 41 51 59 60 63 71 72 77 85 86 90 94 99 109 123 124 147 167 168 178 179 185 189 210 222 273 277 278 284 307 318 335 342 367 368 383 403 421 430 455 469 470 484 503 505 508 511 514 516 517 518 -1
918 126 127 -1
919 40 51 101 348 383 421 523 -1
920 9 239 505 507 513 521 -1
921 19 71 205 228 311 335 383 519 520 -1
922 14 37 39 71 72 100 114 117 147 149 155 163 183 249 381 403 428 446 470 514 522 523 -1
923 14 80 117 150 172 179 211 246 337 348 381 409 470 501 512 -1
924 26 46 123 383 446 -1
925 348 381 -1
926 505 518 -1
927 37 514 -1
928 1 6 7 9 12 14 18 19 22 27 30 35 37 40 42 47 48 51 59 61 63 71 84 86 88 90 94 100 137 144 147 160 179 185 186 189 217 222 243 245 271 273 284 302 307 342 343 356 363 379 385 416 421 455 476 491 505 523 525 532 533 534 -1
929 90 158 284 421 505 -1
930 12 264 421 -1
931 26 50 51 56 90 94 117 132 147 155 179 188 192 273 348 381 383 384 393 421 514 523 524 526 527 528 -1
932 56 80 117 159 198 253 259 271 381 407 470 477 488 -1
933 90 303 381 483 -1
934 171 526 -1
935 137 505 -1
936 100 117 -1
937 90 100 117 119 -1
938 71 460 476 491 -1
939 198 381 -1
940 6 7 9 12 29 40 47 50 64 71 94 111 123 137 152 178 179 187 222 223 228 230 231 243 280 284 292 302 307 311 314 323 334 335 363 365 373 383 384 391 393 421 449 486 500 505 510 514 523 524 531 535 539 540 541 542 543 546 547 549 551 553 -1
941 26 290 363 552 -1
942 260 273 363 391 414 421 486 505 523 550 554 -1
943 7 276 348 420 421 537 554 -1
944 524 553 -1
945 71 139 228 500 546 549 -1
946 6 9 26 40 48 56 85 111 112 114 148 161 271 273 334 340 381 401 421 463 486 510 523 526 538 -1
947 243 271 348 373 379 381 403 470 536 557 -1
948 84 161 271 492 556 -1
949 180 348 381 403 470 536 544 545 -1
950 14 529 -1
951 85 103 250 356 550 555 -1
952 421 535 -1
953 1 6 7 8 9 14 19 35 36 37 41 48 50 59 62 64 68 71 77 86 111 115 137 147 156 179 201 222 265 277 284 302 311 327 335 342 343 363 379 393 395 409 421 482 505 514 523 530 543 558 559 562 563 568 -1
954 9 51 59 144 272 340 342 505 523 -1
955 19 179 182 418 -1
956 17 26 35 64 65 84 107 136 152 214 242 271 283 343 348 352 377 381 409 420 421 437 482 528 535 554 560 561 565 566 -1
957 34 263 271 381 470 476 522 564 567 -1
958 132 136 271 343 348 454 482 561 -1
959 381 476 480 -1
960 225 381 480 -1
961 223 363 -1
962 1 6 7 9 12 18 37 39 51 66 87 90 96 111 115 118 123 137 179 186 197 214 234 243 244 249 253 273 277 284 307 322 335 363 364 365 403 405 421 430 476 498 499 505 523 524 573 575 577 578 579 584 -1
963 37 51 277 363 421 505 523 577 581 584 -1
964 40 51 249 277 -1
965 6 71 86 182 311 -1
966 40 51 56 90 112 132 266 277 327 348 373 420 505 523 571 572 574 577 582 583 -1
967 34 117 166 267 295 381 483 569 570 576 -1
968 12 184 295 381 483 569 570 576 -1
969 190 381 580 -1
970 184 580 -1
971 1 2 3 4 6 7 9 12 14 18 22 24 28 29 35 37 41 48 50 51 53 55 59 63 64 70 71 74 75 77 86 88 90 92 94 96 99 101 103 104 107 108 109 110 111 113 114 115 116 117 118 120 122 123 124 125 128 129 130 -1
972 121 126 127 -1
973 7 24 51 59 90 101 103 -1
974 12 102 -1
975 39 71 86 -1
976 7 12 14 17 21 38 40 51 57 82 90 94 102 105 107 112 114 115 119 -1
977 2 12 14 53 81 102 103 106 -1
978 21 38 85 -1
979 2 19 -1
980 7 95 114 -1
981 103 106 -1
982 1 3 5 6 7 8 9 10 14 17 18 19 22 23 31 35 36 37 39 41 42 50 51 55 56 59 63 64 66 69 70 71 72 76 79 86 88 89 90 94 96 99 109 124 126 127 131 135 137 139 140 141 144 145 148 149 -1
983 7 127 -1
984 22 51 59 64 -1
985 12 51 -1
986 6 86 139 -1
987 6 9 31 37 90 94 105 115 132 138 140 143 144 145 148 -1
988 21 90 117 136 150 -1
989 51 149 -1
990 90 102 136 -1
991 55 79 114 142 -1
992 51 149 -1
993 1 2 3 4 6 7 12 14 17 22 24 27 31 40 50 51 59 60 71 72 90 96 99 109 111 113 114 115 117 134 137 140 148 149 151 153 154 156 157 159 160 163 164 165 167 168 169 170 -1
994 40 51 85 -1
995 9 51 147 163 165 -1
996 1 6 9 28 45 46 56 85 90 102 114 121 132 136 144 147 152 155 159 163 165 -1
997 1 28 64 80 85 90 102 114 117 125 146 147 152 163 166 171 -1
998 132 136 -1
999 12 85 90 125 161 -1
1000 12 90 113 -1
1001 6 58 -1
1002 40 85 -1
1003 90 117 -1
1004 90 117 -1
1005 1 5 6 7 8 9 12 14 18 23 27 32 35 37 40 42 43 51 59 61 63 71 73 85 86 90 94 109 113 114 140 145 174 175 176 177 178 179 186 189 191 -1
1006 12 173 -1
1007 40 59 71 90 99 -1
1008 51 90 163 -1
1009 12 64 71 181 182 -1
1010 6 12 14 26 35 44 46 51 56 60 63 71 84 85 90 114 117 123 132 144 147 148 149 161 163 168 172 183 185 187 188 192 193 194 -1
1011 6 12 90 117 180 184 190 -1
1012 26 46 117 132 144 149 172 -1
1013 6 53 92 114 168 171 -1
1014 78 190 -1
1015 1 3 6 7 9 12 13 14 15 16 17 19 23 33 37 39 40 43 50 51 55 63 64 71 77 79 81 94 97 109 114 123 137 147 161 162 165 167 175 179 182 183 186 189 197 -1
1016 12 37 197 -1
1017 9 14 51 165 -1
1018 19 71 186 189 200 201 205 -1
1019 9 14 26 40 147 194 196 202 203 -1
1020 26 78 83 117 179 198 -1
1021 15 148 196 -1
1022 78 199 204 -1
1023 56 195 -1
1024 7 43 79 -1
1025 1 6 7 9 12 14 17 22 27 30 35 40 45 48 51 66 70 71 77 85 86 87 90 93 94 99 107 109 123 126 127 130 137 149 158 165 179 186 200 206 207 209 210 213 217 219 222 223 224 -1
1026 15 35 40 66 71 85 123 158 -1
1027 51 90 148 165 -1
1028 27 41 -1
1029 14 179 219 -1
1030 12 26 51 112 114 117 123 130 132 147 148 154 161 165 172 214 218 -1
1031 14 34 117 179 220 -1
1032 26 46 161 165 -1
1033 208 212 -1
1034 215 216 -1
1035 130 147 -1
1036 2 3 5 6 7 9 12 19 33 40 51 60 62 64 66 68 71 72 90 94 100 109 111 113 114 115 123 132 137 142 147 161 165 167 170 179 206 214 222 226 227 228 230 231 232 233 234 235 238 240 241 243 244 -1
1037 7 51 59 71 165 179 249 -1
1038 52 163 230 239 -1
1039 6 66 71 137 179 -1
1040 7 14 18 24 51 52 114 132 147 155 161 179 214 242 249 -1
1041 28 67 98 172 237 246 251 -1
1042 2 60 111 137 157 227 240 241 247 -1
1043 1 3 5 6 7 10 12 14 17 18 23 26 27 29 35 36 37 39 40 44 45 47 51 71 72 86 107 109 111 113 120 127 137 158 168 179 182 186 187 188 221 227 243 244 252 256 261 265 266 269 270 272 273 -1
1044 71 158 179 270 -1
1045 9 214 264 -1
1046 44 179 265 -1
1047 9 26 41 46 51 86 112 114 168 179 203 214 253 258 260 264 266 274 275 278 -1
1048 46 117 171 254 255 257 259 263 267 268 271 -1
1049 39 179 262 -1
1050 100 183 263 276 -1
1051 46 117 255 -1
1052 6 7 9 10 12 14 18 22 23 35 37 49 50 59 63 71 72 75 77 94 111 114 123 127 137 149 166 168 179 182 230 243 244 245 261 262 273 277 279 280 281 284 287 288 292 293 294 296 298 301 302 -1
1053 6 26 64 290 291 -1
1054 165 203 276 -1
1055 94 127 179 282 294 297 -1
1056 7 9 26 65 112 114 117 147 148 149 165 168 179 180 185 248 276 279 283 286 289 305 306 -1
1057 54 80 117 149 203 267 271 285 299 -1
1058 26 286 -1
1059 25 80 302 303 -1
1060 1 9 12 14 18 19 22 24 27 30 31 32 39 50 51 59 60 71 72 75 85 93 94 109 114 127 132 137 148 149 158 165 177 179 205 222 228 243 244 269 271 273 276 279 284 303 307 309 310 311 312 314 315 317 318 320 323 324 -1
1061 9 12 132 -1
1062 19 71 86 179 244 302 322 -1
1063 7 9 12 24 26 114 163 165 168 214 271 276 289 309 310 313 316 318 325 326 -1
1064 114 117 133 204 308 318 319 -1
1065 132 163 276 289 -1
1066 14 83 319 321 -1
1067 77 295 -1
1068 1 4 6 7 11 12 14 18 24 31 35 37 39 49 50 51 57 71 75 77 91 94 95 109 111 137 155 158 165 179 189 222 226 228 261 262 272 273 277 279 284 289 290 318 327 328 330 331 334 335 336 338 342 344 345 347 -1
1069 12 18 51 74 165 179 284 340 -1
1070 7 165 -1
1071 1 6 179 228 -1
1072 7 14 51 56 64 71 111 114 132 136 165 179 203 271 272 289 329 332 339 348 -1
1073 34 85 136 184 195 271 333 337 341 346 -1
1074 51 132 -1
1075 271 304 -1
1076 225 341 -1
1077 136 333 -1
1078 46 117 -1
1079 1 3 6 7 8 9 12 14 17 19 23 27 29 35 39 40 53 66 71 86 94 103 109 130 137 145 179 189 222 261 265 279 284 307 316 323 327 335 343 350 357 358 359 361 362 363 364 365 371 -1
1080 9 40 90 109 363 364 -1
1081 29 71 361 -1
1082 39 85 90 117 203 271 283 290 351 352 353 359 369 -1
1083 14 56 117 259 263 299 302 348 351 354 355 356 370 372 -1
1084 83 117 263 299 367 368 -1
1085 79 261 357 -1
1086 37 109 -1
1087 83 166 263 356 367 368 370 -1
1088 14 71 100 119 306 349 360 -1
1089 14 372 -1
1090 3 6 7 9 10 12 14 17 18 31 35 37 39 40 43 44 45 50 51 55 59 60 61 63 72 75 77 79 85 88 90 93 94 95 96 97 99 101 103 104 109 110 -1
1091 6 7 12 -1
1092 15 18 24 40 51 59 90 99 101 103 -1
1093 6 86 -1
1094 6 7 24 63 102 105 107 -1
1095 2 21 80 98 102 103 106 -1
1096 15 51 -1
1097 19 83 -1
1098 6 58 102 -1
1099 100 103 106 -1
1100 19 101 -1
1101 1 2 3 6 7 8 9 12 13 14 16 18 19 22 23 29 31 35 37 39 40 42 47 50 53 56 59 64 70 71 77 88 90 92 94 96 99 107 111 113 114 115 116 117 118 120 122 123 124 125 126 127 128 129 130 131 134 135 -1
1102 121 126 127 -1
1103 12 102 -1
1104 19 39 71 -1
1105 12 14 21 40 90 94 112 114 115 119 132 -1
1106 12 53 90 102 133 136 -1
1107 79 95 114 -1
1108 1 3 4 6 7 9 10 11 12 14 17 18 22 23 27 31 35 36 37 40 41 42 48 50 51 55 59 63 71 72 74 86 88 89 90 96 99 109 115 137 139 140 141 144 145 148 149 151 153 154 156 157 158 -1
1109 22 51 59 64 -1
1110 6 139 -1
1111 1 6 9 28 31 37 38 45 46 56 60 82 85 90 102 105 115 138 140 143 144 145 148 152 155 -1
1112 1 28 85 90 102 117 146 150 152 -1
1113 38 51 -1
1114 81 90 -1
1115 55 142 -1
1116 51 149 -1
1117 90 117 -1
1118 1 3 5 6 7 9 12 19 22 28 32 35 40 49 50 51 59 69 85 86 87 90 94 109 111 113 114 115 117 126 137 140 148 149 159 160 163 164 165 167 168 169 170 174 -1
1119 12 40 59 85 90 -1
1120 9 90 147 163 165 -1
1121 14 41 -1
1122 7 9 45 90 94 114 121 132 136 147 159 163 165 -1
1123 64 80 85 90 114 117 125 163 166 171 172 -1
1124 46 132 136 149 -1
1125 85 90 125 161 -1
1126 7 12 113 -1
1127 40 85 -1
1128 75 90 117 126 -1
1129 1 6 7 9 12 14 17 18 22 24 27 31 35 39 40 50 51 59 71 75 76 77 86 90 109 113 114 140 145 161 175 176 177 178 179 186 189 191 -1
1130 7 59 71 -1
1131 7 51 -1
1132 12 64 71 181 182 -1
1133 6 9 12 14 26 35 46 51 71 90 117 123 132 144 147 148 149 161 163 168 172 183 185 187 188 192 193 194 196 -1
1134 6 28 78 83 117 180 184 190 195 -1
1135 26 46 117 132 144 148 149 172 -1
1136 25 80 90 -1
1137 28 195 -1
1138 6 53 90 114 168 171 -1
1139 78 190 -1
1140 78 190 -1
1141 4 5 6 7 8 9 12 14 15 18 19 23 24 30 31 35 36 37 40 43 50 53 59 63 64 66 71 81 109 114 123 147 165 167 175 179 182 186 189 197 -1
1142 8 175 -1
1143 37 59 197 -1
1144 9 14 165 -1
1145 1 6 19 44 71 186 189 200 201 -1
1146 9 14 18 26 40 44 65 147 202 203 -1
1147 26 67 136 179 198 -1
1148 21 196 -1
1149 1 4 5 6 7 9 12 14 18 22 27 29 30 35 39 40 42 50 51 66 70 71 77 86 94 107 109 114 127 130 137 149 165 179 183 186 197 200 206 207 209 210 213 217 219 221 -1
1150 12 66 71 123 -1
1151 51 90 148 165 -1
1152 14 179 205 219 -1
1153 12 26 51 114 117 123 132 154 161 172 194 214 -1
1154 14 117 147 179 220 -1
1155 26 161 165 -1
1156 78 204 208 212 -1
1157 215 216 -1
1158 1 3 6 7 8 9 10 12 14 19 24 33 37 40 55 64 68 71 72 73 77 85 94 100 109 113 123 137 147 158 167 179 186 200 206 222 223 224 226 227 228 230 232 233 234 235 238 -1
1159 7 35 40 71 85 158 -1
1160 163 230 -1
1161 7 14 46 84 85 112 114 130 147 165 214 218 -1
1162 137 157 227 236 -1
1163 130 147 -1
1164 1 2 5 6 7 9 12 18 27 35 41 45 51 60 66 70 71 72 79 108 109 111 113 114 115 132 137 142 161 162 165 170 179 214 231 240 241 243 244 245 252 -1
1165 51 165 179 249 -1
1166 9 52 239 -1
1167 66 137 244 -1
1168 9 51 114 132 147 155 161 179 214 242 248 249 253 -1
1169 34 54 246 251 -1
1170 136 251 -1
1171 2 7 60 79 111 179 240 241 -1
1172 1 7 12 18 22 26 32 35 39 51 71 86 93 107 109 111 120 127 137 158 168 179 182 186 188 226 227 243 244 256 261 265 269 270 272 273 277 -1
1173 71 158 179 270 -1
1174 214 264 -1
1175 86 179 265 -1
1176 14 26 46 52 86 112 117 179 203 214 258 260 264 266 274 275 -1
1177 12 34 46 117 254 255 257 259 263 267 268 271 -1
1178 26 85 -1
1179 39 262 -1
1180 183 263 276 -1
1181 46 117 255 -1
1182 1 6 7 9 12 14 22 23 35 48 49 57 59 62 71 72 75 91 94 111 114 123 127 149 166 168 179 182 187 230 243 244 245 261 262 266 273 279 280 281 284 287 288 292 293 294 296 298 301 302 307 -1
1183 26 64 290 291 -1
1184 74 123 -1
1185 165 203 276 -1
1186 62 86 94 127 179 282 294 297 -1
1187 7 9 17 26 41 51 57 112 114 147 148 149 163 165 168 179 180 185 276 278 279 283 286 289 305 306 -1
1188 14 81 85 90 114 117 149 171 203 204 271 285 299 -1
1189 26 286 -1
1190 2 271 302 303 304 -1
1191 43 247 -1
1192 77 295 300 -1
