0 1 2 3 4 5 6 7 8 9 10 11 12 13 14 15 16 17 18 -1
1 1 5 9 14 15 19 20 21 22 23 24 25 26 27 28 29 30 31 32 33 34 35 36 37 38 39 40 41 42 -1
2 19 43 44 45 46 47 48 49 50 51 52 53 54 55 56 57 58 59 60 61 62 -1
3 23 30 34 36 38 39 41 49 61 63 64 65 66 67 68 69 70 71 72 -1
4 6 18 21 22 23 26 30 36 37 38 39 40 44 57 63 64 65 68 73 74 75 -1
5 20 21 33 40 42 44 51 56 57 62 66 67 75 76 77 78 79 80 81 82 83 84 -1
6 6 16 22 25 32 35 36 37 47 49 57 69 71 76 84 85 86 87 88 89 90 -1
7 8 26 28 50 52 54 59 60 61 68 91 92 93 94 95 96 97 -1
8 2 3 6 7 8 12 18 63 72 77 78 79 81 82 85 89 91 92 95 97 98 -1
9 10 11 13 17 51 62 64 65 66 73 74 83 88 90 91 94 99 100 101 102 -1
10 2 14 23 33 43 45 48 52 55 56 71 72 80 86 -1
11 1 4 18 24 29 31 35 46 53 55 70 73 74 83 93 96 98 100 -1
12 5 27 46 47 53 58 65 73 75 87 93 94 97 98 99 101 102 -1
13 12 13 14 15 19 20 24 31 32 33 54 65 76 88 91 99 -1
14 4 5 17 25 26 29 39 41 42 43 45 52 60 62 66 70 71 83 87 89 94 95 -1
15 7 24 35 50 53 69 77 86 90 92 96 102 -1
16 2 10 16 18 22 28 29 35 42 48 49 50 55 56 79 83 84 85 96 97 102 -1
17 8 9 11 22 24 33 34 40 48 50 54 66 67 81 89 93 95 -1
18 7 15 16 27 33 59 67 -1
19 7 14 20 24 28 32 36 37 40 56 69 73 80 86 87 90 101 -1
20 24 32 33 91 99 -1
21 24 32 33 76 88 -1
22 16 41 46 47 51 67 71 72 80 -1
23 12 76 92 96 -1
24 1 2 4 5 6 7 8 9 11 12 13 14 15 16 17 18 38 54 103 104 -1
25 1 5 9 14 15 19 20 21 22 25 26 27 28 29 30 32 33 35 36 38 39 40 41 42 71 75 102 104 105 -1
26 19 43 44 45 46 47 48 51 52 53 54 55 56 57 58 59 60 62 67 103 106 107 -1
27 30 34 36 38 39 41 61 64 65 66 68 69 70 71 105 107 108 109 -1
28 6 18 21 22 26 30 36 37 38 39 40 41 44 57 64 65 68 73 74 75 108 109 110 111 112 -1
29 20 21 33 40 42 44 56 57 62 66 67 76 77 79 80 82 83 109 110 111 112 113 -1
30 4 16 22 25 32 36 37 42 47 69 76 80 85 86 87 90 102 108 114 115 -1
31 8 15 26 28 39 50 52 54 59 60 61 68 71 91 95 106 112 114 -1
32 2 6 8 12 18 34 37 38 50 57 70 72 77 79 82 83 85 90 91 95 96 98 -1
33 10 11 13 17 31 51 64 65 66 74 99 100 101 108 110 113 114 116 -1
34 2 14 18 33 36 43 45 48 52 55 56 59 72 74 80 86 116 -1
35 1 4 10 18 29 31 35 46 53 73 74 96 98 100 111 115 116 117 -1
36 5 27 40 46 58 61 65 73 75 87 99 101 102 109 111 113 117 -1
37 12 13 14 15 19 20 31 32 33 37 54 57 65 76 91 99 103 -1
38 4 5 17 25 26 39 41 42 43 45 52 54 60 62 66 71 83 87 109 110 -1
39 16 30 35 50 53 69 74 77 80 86 87 90 96 102 -1
40 2 10 16 18 22 28 29 42 48 54 55 70 79 83 85 96 102 103 105 112 116 -1
41 49 118 119 120 121 122 123 124 125 126 127 128 129 130 131 132 133 -1
42 15 16 27 59 67 80 -1
43 6 17 20 28 36 37 40 56 69 73 80 86 87 90 98 101 114 -1
44 14 32 33 54 91 99 -1
45 14 20 32 33 54 76 -1
46 16 41 46 47 51 64 71 72 103 108 -1
47 7 12 57 57 76 -1
48 1 5 6 7 8 9 11 13 14 15 16 17 18 38 103 134 135 136 -1
49 1 5 14 15 16 19 20 21 25 26 27 28 29 30 33 35 36 39 40 42 61 62 68 71 75 80 104 105 -1
50 19 45 46 47 48 51 52 53 54 56 58 59 60 103 106 110 134 137 -1
51 34 38 41 61 64 65 66 67 68 70 71 105 108 136 138 139 140 141 -1
52 6 10 18 21 26 30 36 37 38 39 40 64 68 75 108 109 110 111 112 136 142 143 -1
53 20 21 33 40 42 56 57 62 66 67 76 77 79 80 109 110 111 112 113 144 -1
54 16 25 36 37 40 42 47 50 76 80 86 90 104 108 112 114 115 135 136 142 -1
55 8 26 28 39 50 52 54 59 60 68 91 95 106 112 114 138 145 146 -1
56 6 8 9 18 34 37 38 41 50 57 67 70 72 77 79 90 91 95 98 102 -1
57 10 11 13 17 31 51 64 65 66 87 100 108 109 113 114 140 142 144 -1
58 14 33 33 35 36 37 45 48 52 59 71 72 72 86 116 137 143 144 147 148 -1
59 1 10 18 29 31 35 46 53 98 100 111 113 115 116 117 143 146 148 -1
60 5 15 27 30 46 47 54 58 65 75 87 102 109 117 139 141 145 147 -1
61 13 14 15 19 20 31 33 37 54 57 62 65 76 91 103 148 -1
62 5 17 25 39 42 45 52 54 60 61 66 71 87 109 110 135 137 139 -1
63 16 30 35 50 53 77 86 87 90 102 104 145 -1
64 10 16 18 28 29 42 48 54 70 79 102 103 105 112 139 140 141 147 -1
65 8 9 11 26 45 48 50 51 58 66 67 95 98 105 106 115 117 134 138 -1
66 6 28 30 59 134 146 -1
67 6 20 28 36 40 56 80 86 87 90 98 104 106 114 -1
68 14 31 33 54 91 -1
69 14 15 20 54 76 -1
70 41 46 47 51 64 71 72 108 144 146 -1
71 7 37 57 76 -1
72 1 5 6 7 8 9 11 13 14 15 16 17 18 103 134 136 149 150 151 -1
73 1 5 14 15 16 19 20 21 26 27 28 29 30 31 33 35 36 39 40 42 62 71 75 80 104 105 115 143 -1
74 19 45 46 47 51 52 53 54 56 59 103 106 110 134 135 137 138 141 145 146 -1
75 37 38 41 64 65 66 67 71 103 105 108 136 138 139 140 141 152 153 154 155 156 -1
76 6 10 18 21 26 30 36 37 38 39 40 64 68 75 108 109 110 111 112 136 142 143 -1
77 20 21 33 40 42 56 57 62 66 67 77 79 80 109 110 111 112 113 137 144 -1
78 16 36 37 40 42 47 50 80 86 90 104 112 114 135 136 142 149 150 152 155 -1
79 8 26 28 39 50 52 54 59 62 68 71 91 95 106 112 114 151 153 157 -1
80 6 8 9 17 18 37 38 41 50 51 57 67 72 77 79 90 91 95 98 102 116 -1
81 10 11 13 17 64 65 66 68 87 100 108 109 113 114 140 142 144 148 157 -1
82 14 33 35 36 45 52 72 75 86 116 137 143 147 148 151 156 -1
83 1 10 18 29 31 35 46 53 59 98 100 111 113 115 117 146 148 154 -1
84 5 27 30 46 47 65 75 87 102 109 117 139 140 141 144 145 146 147 -1
85 13 14 15 19 20 31 33 37 54 57 62 65 91 103 148 154 -1
86 5 17 39 42 45 52 66 71 87 110 111 135 137 139 149 151 153 156 -1
87 16 30 35 50 53 77 86 87 90 102 104 145 -1
88 10 16 18 28 29 42 62 67 79 102 103 105 112 139 140 141 147 150 152 155 -1
89 8 9 11 26 41 45 50 51 66 67 95 98 105 106 115 117 134 138 -1
90 6 28 59 134 143 151 -1
91 6 20 28 36 40 56 80 86 87 90 98 104 106 114 -1
92 14 15 33 65 91 -1
93 14 15 20 31 37 -1
94 41 46 47 51 64 71 72 108 144 146 -1
95 7 28 37 57 -1
96 1 5 6 7 8 11 13 14 15 87 114 134 138 145 149 150 153 158 159 160 161 -1
97 1 5 14 15 16 19 20 21 27 28 29 30 31 33 35 36 39 42 62 71 75 80 104 105 117 135 136 141 143 -1
98 19 45 46 47 52 53 54 56 59 86 103 106 134 135 137 138 141 145 146 147 152 160 161 162 163 -1
99 38 64 65 71 86 103 105 136 138 139 140 141 152 153 154 155 158 159 164 165 166 -1
100 6 10 18 19 21 30 36 37 38 39 64 75 109 110 112 136 138 140 142 159 162 165 167 -1
101 20 21 33 42 56 57 62 66 68 77 79 80 110 112 137 142 144 149 156 162 163 166 168 -1
102 16 31 36 37 42 47 50 80 86 90 104 105 112 114 115 135 136 140 142 154 155 164 169 -1
103 8 28 35 39 50 52 54 59 68 104 106 112 151 153 157 164 165 167 170 -1
104 6 7 8 18 37 38 47 50 57 66 77 79 90 98 102 102 110 114 115 116 148 150 -1
105 10 11 13 64 65 66 68 77 87 100 109 114 139 140 142 144 148 157 162 168 -1
106 14 33 36 45 52 71 75 86 116 137 143 147 148 149 151 161 163 164 -1
107 1 10 15 18 29 31 35 46 53 98 100 115 117 143 144 146 154 156 169 -1
108 5 27 30 39 46 47 54 65 75 87 102 109 117 134 139 141 145 146 147 156 167 -1
109 7 13 14 15 19 20 31 33 37 54 57 62 65 79 103 143 148 154 161 -1
110 5 39 42 45 52 66 71 87 110 135 137 139 149 153 156 163 166 168 169 -1
111 16 30 35 50 53 77 86 87 90 102 104 145 158 160 -1
112 10 16 28 29 42 79 102 103 105 112 139 140 142 145 147 149 150 155 159 163 164 166 -1
113 11 27 31 45 50 77 98 105 106 112 115 116 117 134 143 155 156 -1
114 28 86 114 134 150 151 -1
115 6 20 28 36 56 80 86 87 90 98 104 106 114 136 169 -1
116 14 33 65 154 161 -1
117 14 20 31 103 161 -1
118 46 47 64 71 141 144 146 148 153 157 165 -1
119 7 7 7 28 28 28 37 37 37 57 57 57 -1
120 1 5 6 7 8 11 14 15 18 134 149 150 153 158 159 160 161 171 172 173 174 -1
121 1 5 14 15 16 19 20 21 27 28 29 30 31 33 35 36 39 42 62 71 75 80 104 105 117 135 136 143 144 -1
122 19 45 46 52 54 56 86 106 134 138 141 146 147 155 160 161 162 166 167 171 173 174 175 176 177 -1
123 64 65 71 103 105 136 138 139 140 141 152 153 154 155 157 158 159 164 165 174 178 -1
124 6 10 18 19 21 30 36 37 42 64 75 112 136 138 139 146 152 153 159 162 165 166 176 -1
125 20 21 26 33 42 56 57 62 66 68 77 79 80 110 112 142 144 149 162 166 168 169 178 -1
126 16 31 36 37 42 47 50 80 86 104 112 114 115 135 136 142 152 154 155 169 173 179 180 -1
127 8 28 39 50 52 54 68 106 112 114 138 151 153 157 164 167 170 176 180 -1
128 6 7 8 18 37 47 50 57 66 77 79 98 103 109 110 114 115 142 150 152 170 -1
129 10 11 64 65 66 68 77 100 139 140 144 151 157 162 165 168 172 178 179 -1
130 26 33 35 45 52 71 86 105 143 147 149 151 161 164 172 177 178 -1
131 1 10 16 18 29 31 35 46 98 100 115 117 143 146 154 156 171 175 176 -1
132 5 27 30 39 46 47 54 65 75 109 117 134 139 141 146 156 166 167 170 175 179 -1
133 7 14 15 19 20 31 33 37 57 62 65 79 103 109 142 143 154 161 171 -1
134 5 39 42 45 52 66 71 110 135 139 149 153 155 156 166 168 169 172 177 -1
135 16 30 35 50 62 77 86 104 152 158 160 166 170 175 180 -1
136 10 16 28 29 33 79 98 103 105 112 139 142 147 149 150 155 159 164 170 173 174 -1
137 27 31 39 45 54 57 77 98 110 112 117 134 140 143 155 156 171 -1
138 28 86 114 134 150 151 -1
139 6 20 28 36 56 80 86 98 104 106 114 136 142 169 180 -1
140 14 33 57 65 154 -1
141 14 20 142 161 171 -1
142 46 47 64 71 141 144 146 147 178 179 -1
143 7 15 28 109 -1
144 1 5 6 8 11 14 15 18 103 114 134 150 153 159 160 161 171 172 173 181 -1
145 1 5 14 15 16 19 20 27 28 29 30 31 33 35 36 39 42 62 71 75 80 105 117 135 136 138 143 144 -1
146 19 45 46 52 54 56 86 106 134 141 146 147 155 160 161 162 166 167 171 173 174 175 176 182 -1
147 64 65 71 103 105 136 138 139 140 141 152 153 154 155 159 164 165 174 178 183 184 -1
148 6 10 18 19 30 36 64 75 112 136 138 139 146 152 153 159 162 165 166 175 176 179 184 -1
149 20 26 33 42 56 57 62 66 68 77 80 110 142 160 162 166 168 169 177 178 185 186 -1
150 16 31 36 42 47 80 86 112 114 135 136 142 152 165 168 169 173 179 180 181 183 184 187 -1
151 8 26 39 52 54 68 106 151 157 164 167 170 180 182 185 186 188 189 -1
152 6 8 18 47 57 66 77 98 103 109 110 112 114 115 142 150 152 153 154 170 -1
153 10 11 64 65 66 68 100 140 151 157 162 168 172 178 179 180 183 189 -1
154 26 33 36 45 52 54 71 86 147 151 157 161 164 172 177 190 -1
155 1 10 18 29 31 35 46 98 100 115 117 143 144 146 154 175 176 190 -1
156 5 27 30 46 47 65 75 98 109 117 134 139 141 146 166 167 170 179 187 188 -1
157 14 15 19 20 31 33 57 62 65 71 103 109 140 143 154 160 161 171 -1
158 5 39 42 45 52 66 110 135 139 155 168 169 172 176 177 182 186 188 -1
159 16 30 35 62 77 86 166 170 175 181 182 187 188 189 -1
160 10 16 29 42 103 105 112 142 147 150 155 162 164 167 170 173 174 179 181 183 185 -1
161 10 27 31 39 45 54 57 77 98 110 112 117 134 140 155 165 171 -1
162 86 114 134 136 151 177 181 -1
163 6 20 36 56 80 86 114 136 142 153 169 180 187 190 -1
164 14 33 57 65 154 -1
165 14 20 57 161 171 -1
166 46 47 64 71 141 144 146 176 178 185 -1
167 15 28 109 143 -1
168 1 5 6 8 11 14 15 18 134 150 153 159 160 171 172 175 181 182 191 192 193 -1
169 1 5 14 15 16 19 20 26 27 29 30 31 33 35 36 39 62 71 75 80 105 135 136 138 141 143 144 160 179 -1
170 19 45 46 52 54 56 86 106 141 146 147 155 160 162 166 167 171 174 175 176 177 182 183 194 195 196 197 -1
171 65 71 86 105 136 138 139 140 141 152 153 154 155 164 174 178 183 184 191 192 196 198 -1
172 6 10 18 19 26 30 36 75 112 138 139 146 152 153 159 162 166 175 176 184 199 200 201 -1
173 20 26 33 56 57 62 66 68 77 80 110 142 162 164 166 169 177 178 182 185 186 193 195 197 -1
174 16 36 47 80 86 112 114 135 136 142 146 150 152 169 180 181 183 184 185 187 196 198 200 202 -1
175 8 16 26 39 52 54 68 106 114 151 164 167 179 186 188 193 199 200 201 202 -1
176 6 8 18 47 57 66 77 98 110 112 114 115 134 142 150 152 153 154 159 166 169 178 181 -1
177 10 11 65 66 68 100 140 151 162 172 178 180 184 185 186 188 189 192 194 196 199 202 -1
178 33 36 45 52 54 86 135 147 151 164 172 177 178 189 190 195 198 -1
179 1 10 18 29 31 35 46 98 100 115 143 144 146 154 175 176 190 199 201 -1
180 5 27 30 46 47 65 75 98 134 138 139 141 167 179 180 187 188 189 190 191 200 -1
181 14 15 19 20 28 30 31 33 57 62 65 71 140 143 154 160 166 171 177 179 -1
182 5 39 45 52 66 110 135 139 155 169 172 174 177 182 186 188 196 198 199 -1
183 16 30 35 62 77 86 166 175 187 188 189 191 194 197 198 200 -1
184 16 29 35 105 112 142 147 150 155 162 164 167 172 174 181 183 186 192 195 196 201 -1
185 10 27 31 39 45 54 77 98 110 112 140 155 162 171 187 201 -1
186 68 114 134 136 176 177 181 188 -1
187 6 20 36 56 80 86 114 136 142 169 180 187 190 202 -1
188 31 33 65 71 154 -1
189 20 30 31 71 171 -1
190 46 47 71 144 154 178 185 192 193 194 -1
191 15 28 57 115 143 -1
192 1 5 6 8 11 14 15 18 134 150 159 160 171 176 182 191 192 193 203 204 205 -1
193 1 5 14 15 19 20 26 27 29 30 31 35 39 62 71 75 80 105 118 135 136 141 143 144 147 151 160 177 179 180 198 -1
194 19 45 46 52 56 86 106 141 146 147 155 160 162 171 175 182 183 186 187 194 195 197 206 207 208 209 210 211 -1
195 29 62 65 71 75 86 105 136 141 152 153 154 155 183 184 185 186 191 196 198 203 205 212 213 -1
196 6 10 18 19 30 75 112 139 146 152 153 159 162 166 175 176 179 184 199 200 201 212 213 -1
197 20 26 62 66 68 77 80 110 144 162 166 169 177 182 183 185 186 188 193 195 197 205 208 211 212 214 -1
198 47 56 71 80 112 135 136 144 146 150 152 155 159 169 180 184 187 196 198 200 202 206 215 216 -1
199 8 26 35 39 68 106 118 151 153 164 179 186 193 199 200 201 202 204 213 214 -1
200 6 8 18 47 66 77 98 110 112 115 134 139 150 152 153 154 159 162 164 166 169 176 181 184 -1
201 10 11 65 66 68 106 184 185 188 192 194 196 197 199 202 204 215 216 217 -1
202 45 52 56 71 86 135 147 151 164 166 175 177 190 195 198 203 209 210 -1
203 1 10 18 29 31 35 98 112 115 118 143 146 154 175 176 190 193 199 201 217 218 -1
204 5 27 30 46 47 56 65 75 98 134 139 141 179 180 187 188 190 191 192 200 203 207 213 218 -1
205 14 15 19 20 30 31 62 65 71 134 143 154 160 166 171 177 179 212 214 -1
206 5 39 45 52 66 110 135 139 155 169 177 182 186 188 197 199 207 215 216 -1
207 30 77 86 118 118 175 187 188 191 194 197 198 200 205 208 209 -1
208 29 35 98 105 112 118 144 147 150 155 162 171 175 183 192 195 196 201 203 204 206 211 -1
209 10 27 31 39 77 98 110 112 155 162 171 187 190 201 216 -1
210 68 134 177 188 191 216 -1
211 6 20 56 80 86 136 153 169 180 190 198 202 205 214 -1
212 14 65 71 143 154 -1
213 30 71 154 171 214 -1
214 6 8 18 77 98 -1
215 46 47 71 144 154 185 192 193 194 216 -1
216 15 28 115 143 -1
217 1 5 6 8 11 14 15 18 134 159 160 171 182 191 192 193 203 204 205 219 220 -1
218 1 5 14 15 20 26 27 29 30 31 58 62 105 135 136 141 143 147 160 175 177 179 180 191 198 221 222 223 224 225 -1
219 45 52 56 86 106 141 146 147 160 171 175 176 186 194 195 197 204 206 207 208 215 226 227 228 229 230 -1
220 29 86 105 136 141 153 154 184 185 186 191 196 197 198 203 205 207 212 213 221 223 231 -1
221 6 18 30 112 139 146 153 159 162 166 175 176 182 199 200 201 208 212 213 225 229 230 231 232 -1
222 20 26 62 66 68 77 110 162 166 169 177 182 185 188 193 195 197 208 212 214 219 222 230 231 233 234 -1
223 47 58 112 135 136 159 169 180 187 196 200 202 206 215 216 218 224 226 229 232 234 235 236 -1
224 8 26 68 106 146 153 164 179 186 199 200 201 202 204 205 213 214 219 -1
225 6 8 18 47 66 77 98 110 112 115 134 153 154 159 162 164 166 169 176 182 184 187 190 199 -1
226 11 66 68 106 143 184 185 188 192 194 196 199 202 214 215 216 232 233 235 -1
227 45 52 56 86 135 147 164 166 177 190 195 198 208 223 228 229 236 237 -1
228 1 18 29 31 98 115 143 146 154 175 176 190 193 201 218 227 232 235 -1
229 5 27 30 47 56 98 134 139 179 180 187 188 192 200 201 203 207 213 218 221 227 236 -1
230 1 14 15 20 30 31 62 105 134 143 154 160 171 177 179 212 214 222 -1
231 5 45 52 66 110 135 139 169 177 186 199 207 215 216 223 228 230 233 236 -1
232 30 77 86 187 188 191 194 197 198 200 205 208 219 223 228 -1
233 29 98 105 112 147 162 171 175 192 195 196 201 203 204 206 221 223 225 226 227 230 234 -1
234 6 27 31 58 77 110 112 162 171 187 206 212 216 222 233 -1
235 68 134 177 188 191 216 -1
236 6 20 56 86 136 153 169 180 198 202 205 214 218 220 -1
237 1 14 143 154 179 -1
238 30 154 171 179 214 -1
239 6 8 18 77 98 -1
240 47 58 185 192 193 194 200 212 231 235 -1
241 15 28 115 143 -1
242 1 5 8 14 15 18 134 159 171 182 191 192 192 193 203 204 205 219 224 238 239 240 241 -1
243 1 5 14 15 26 27 30 31 58 105 135 136 141 143 147 175 177 179 180 205 206 208 213 215 221 222 223 224 232 242 -1
244 45 56 106 141 146 162 171 175 186 195 197 204 206 207 215 226 227 230 235 238 243 244 245 246 247 248 -1
245 105 136 141 153 154 184 186 190 191 196 198 205 207 212 213 221 223 226 231 234 239 249 -1
246 18 30 112 139 146 153 159 162 175 197 200 201 212 213 225 229 230 231 232 244 245 250 -1
247 26 58 66 68 77 162 169 177 182 193 195 197 208 212 222 225 227 230 233 234 240 241 246 248 251 252 253 254 255 256 256 -1
248 112 135 136 159 169 179 180 200 202 206 216 218 224 226 229 232 234 235 250 251 252 255 257 -1
249 8 26 68 106 146 146 153 164 186 197 199 200 201 202 204 213 214 219 243 246 253 254 -1
250 8 18 66 77 98 112 134 139 153 154 159 162 164 169 176 182 184 187 188 191 192 199 203 212 229 231 -1
251 56 66 68 143 184 192 196 199 202 214 215 216 225 232 233 236 244 253 257 258 -1
252 45 56 135 139 164 177 190 195 198 208 229 230 236 237 239 250 -1
253 1 18 31 98 143 146 154 175 176 193 201 218 227 232 235 243 248 257 -1
254 5 27 30 98 134 139 179 180 187 188 192 200 201 203 207 213 221 236 249 250 255 258 -1
255 1 14 15 30 31 105 134 143 154 171 177 179 193 212 214 222 241 245 248 -1
256 5 45 66 135 139 169 177 186 199 207 215 216 225 233 236 239 240 246 253 254 255 256 -1
257 30 77 187 188 191 198 200 205 208 219 223 227 234 243 -1
258 98 112 147 162 192 195 196 201 204 221 226 227 230 234 238 241 248 249 255 257 259 -1
259 27 31 45 58 77 112 147 171 187 190 206 212 216 233 245 252 -1
260 68 134 177 188 191 216 -1
261 56 136 153 169 180 198 202 208 214 218 224 239 246 251 -1
262 1 134 143 154 247 -1
263 134 154 171 212 214 -1
264 8 18 77 98 112 159 -1
265 58 177 192 193 197 200 212 231 235 252 258 -1
266 15 28 143 176 -1
267 1 14 15 18 134 159 182 191 192 193 203 204 219 224 238 239 260 261 262 263 -1
268 1 14 15 27 30 31 105 141 143 147 175 179 180 198 213 214 215 221 222 223 224 232 242 250 251 258 264 265 266 267 -1
269 56 106 141 146 162 175 195 197 204 215 226 227 230 235 238 243 244 245 246 248 252 261 262 268 269 270 -1
270 105 141 153 154 184 186 191 196 198 212 213 221 223 231 234 238 239 249 255 263 268 269 -1
271 18 30 112 139 146 153 159 175 196 197 200 201 212 213 225 229 230 231 244 245 250 260 -1
272 162 169 182 193 195 197 214 222 225 226 227 230 233 234 246 248 251 253 254 267 270 271 272 273 -1
273 112 159 169 179 180 200 202 216 218 224 226 229 235 243 245 249 252 257 264 265 267 273 -1
274 68 106 153 164 186 197 199 200 201 202 204 213 219 246 253 254 264 269 270 -1
275 18 58 98 112 134 139 153 154 159 162 164 169 176 182 184 187 188 191 192 199 203 212 229 231 234 255 -1
276 68 184 188 196 199 202 214 215 216 225 232 233 236 244 253 257 258 260 273 -1
277 56 139 164 195 198 225 229 230 236 239 250 261 263 266 271 274 -1
278 1 18 31 98 143 146 154 175 176 186 193 201 218 227 232 235 248 257 260 262 -1
279 27 30 98 134 139 147 179 180 187 188 192 200 201 203 218 221 236 249 250 255 258 265 -1
280 1 14 15 31 105 134 143 154 179 193 197 212 214 222 242 245 248 264 -1
281 139 169 186 199 215 216 230 232 233 236 239 243 246 253 254 255 261 271 273 -1
282 30 188 191 198 200 219 223 226 227 234 243 262 265 269 270 -1
283 98 147 162 192 195 196 201 204 221 227 234 238 244 249 255 257 260 262 263 268 -1
284 27 31 58 112 147 187 212 216 233 243 245 247 252 266 268 -1
285 68 134 188 216 232 251 -1
286 56 153 169 180 198 202 214 218 224 239 251 266 272 -1
287 1 1 105 134 134 154 193 247 247 264 -1
288 105 134 134 154 193 197 214 214 247 264 -1
289 18 98 112 153 159 -1
290 58 192 193 235 248 252 263 265 268 271 -1
291 15 28 143 176 -1
292 1 14 15 18 134 146 159 182 191 192 193 203 204 219 224 238 239 260 261 267 275 276 -1
293 1 14 15 30 31 105 141 143 147 175 179 180 198 213 214 215 222 223 224 226 232 233 242 250 251 258 264 266 267 275 277 -1
294 56 106 141 146 162 175 195 197 204 215 227 238 243 244 245 246 248 249 252 260 261 262 263 268 269 270 271 276 -1
295 105 141 153 184 191 196 198 212 231 234 238 239 249 251 255 262 263 268 269 275 277 278 -1
296 18 30 112 139 146 153 159 175 196 200 201 212 213 219 225 231 244 245 260 273 275 276 277 279 -1
297 106 162 169 182 193 197 214 222 225 227 234 235 246 248 250 251 253 254 264 270 271 272 273 278 280 281 282 -1
298 112 146 159 169 179 180 200 202 216 218 224 226 229 235 243 245 252 257 265 267 273 276 278 280 -1
299 106 146 164 197 199 200 201 202 204 213 219 223 246 253 254 261 264 269 270 279 280 -1
300 1 14 15 31 105 105 134 143 154 179 193 197 212 214 222 245 246 248 264 278 -1
301 18 98 112 134 139 153 159 162 164 169 176 182 184 187 188 191 192 195 199 203 212 229 231 234 255 265 -1
302 184 188 196 199 202 213 214 215 216 225 229 232 233 236 244 253 257 258 273 274 282 -1
303 56 139 164 195 198 224 225 229 236 239 266 267 271 279 281 -1
304 1 18 31 98 143 153 175 176 193 201 218 227 232 235 243 248 257 262 263 277 -1
305 30 98 134 139 147 179 180 187 188 192 200 201 203 218 236 244 249 250 255 258 265 281 282 -1
306 106 139 169 199 215 216 232 233 236 239 243 253 254 255 261 277 280 282 -1
307 30 188 191 198 200 219 223 226 227 234 243 262 265 269 270 -1
308 98 147 162 187 192 196 201 204 227 233 238 246 249 255 257 262 278 -1
309 31 112 141 147 176 187 212 216 226 233 245 247 252 266 268 279 -1
310 134 188 215 216 232 251 -1
311 56 153 169 180 198 202 214 218 224 239 251 266 267 272 278 -1
312 193 229 235 248 252 263 265 268 271 281 -1
313 18 98 112 153 159 -1
314 15 143 154 176 -1
